Result_ID	Unique_Seq_ID
1	1
2	2
3	2
4	2
5	3
6	4
7	4
8	4
9	3
10	5
11	6
12	7
13	8
14	9
15	10
16	11
17	11
18	12
19	13
20	13
21	14
22	15
23	16
24	17
25	18
26	19
27	20
28	20
29	19
30	20
31	21
32	22
33	23
34	24
35	25
36	26
37	27
38	27
39	28
40	29
41	28
42	30
43	30
44	31
45	31
46	32
47	33
48	33
49	33
50	34
51	35
52	36
53	37
54	38
55	38
56	39
57	40
58	40
59	40
60	41
61	42
62	43
63	44
64	43
65	45
66	46
67	45
68	45
69	47
70	45
71	45
72	48
73	45
74	47
75	46
76	45
77	49
78	49
79	50
80	50
81	51
82	51
83	51
84	52
85	52
86	51
87	52
88	51
89	51
90	52
91	51
92	52
93	52
94	51
95	51
96	52
97	51
98	52
99	52
100	51
101	51
102	51
103	51
104	52
105	51
106	51
107	52
108	52
109	52
110	51
111	52
112	51
113	51
114	51
115	52
116	51
117	52
118	52
119	51
120	53
121	53
122	53
123	54
124	54
125	54
126	54
127	54
128	54
129	54
130	54
131	55
132	54
133	56
134	57
135	58
136	58
137	58
138	58
139	59
140	59
141	59
142	60
143	61
144	60
145	62
146	62
147	62
148	62
149	62
150	63
151	64
152	64
153	64
154	64
155	64
156	65
157	66
158	66
159	66
160	66
161	66
162	66
163	67
164	68
165	69
166	70
167	71
168	69
169	69
170	69
171	69
172	72
173	73
174	74
175	75
176	76
177	75
178	75
179	75
180	77
181	77
182	77
183	78
184	78
185	79
186	80
187	80
188	81
189	81
190	82
191	83
192	84
193	85
194	86
195	85
196	85
197	85
198	85
199	87
200	88
201	89
202	89
203	90
204	91
205	92
206	91
207	91
208	93
209	93
210	93
211	93
212	93
213	94
214	94
215	94
216	94
217	94
218	95
219	95
220	96
221	96
222	97
223	98
224	99
225	99
226	100
227	100
228	100
229	100
230	100
231	100
232	100
233	100
234	100
235	100
236	100
237	100
238	100
239	100
240	101
241	100
242	100
243	102
244	102
245	102
246	102
247	103
248	104
249	104
250	104
251	104
252	104
253	105
254	105
255	106
256	106
257	105
258	107
259	107
260	108
261	108
262	107
263	108
264	107
265	107
266	109
267	107
268	108
269	107
270	107
271	110
272	107
273	108
274	107
275	107
276	107
277	108
278	108
279	108
280	111
281	112
282	113
283	114
284	114
285	114
286	113
287	114
288	113
289	114
290	114
291	113
292	114
293	113
294	113
295	113
296	113
297	114
298	113
299	113
300	113
301	113
302	113
303	114
304	114
305	114
306	113
307	113
308	115
309	116
310	116
311	117
312	117
313	117
314	117
315	118
316	119
317	120
318	119
319	119
320	119
321	119
322	121
323	121
324	121
325	121
326	121
327	122
328	123
329	124
330	125
331	125
332	125
333	125
334	125
335	125
336	125
337	125
338	125
339	125
340	125
341	125
342	125
343	125
344	125
345	125
346	125
347	126
348	126
349	127
350	128
351	128
352	128
353	129
354	129
355	129
356	129
357	129
358	130
359	130
360	130
361	130
362	130
363	131
364	131
365	131
366	131
367	132
368	133
369	133
370	133
371	133
372	134
373	134
374	135
375	135
376	135
377	135
378	136
379	137
380	137
381	137
382	137
383	138
384	138
385	139
386	140
387	141
388	142
389	143
390	143
391	143
392	144
393	144
394	145
395	145
396	145
397	145
398	145
399	145
400	145
401	145
402	146
403	147
404	147
405	147
406	147
407	147
408	147
409	148
410	149
411	150
412	149
413	151
414	151
415	151
416	152
417	152
418	153
419	153
420	154
421	155
422	156
423	156
424	156
425	157
426	157
427	157
428	157
429	158
430	159
431	160
432	161
433	158
434	162
435	162
436	163
437	163
438	164
439	164
440	165
441	166
442	166
443	167
444	167
445	167
446	167
447	167
448	168
449	168
450	169
451	170
452	170
453	170
454	170
455	170
456	170
457	170
458	170
459	170
460	171
461	172
462	172
463	172
464	173
465	173
466	173
467	174
468	174
469	175
470	176
471	177
472	177
473	177
474	177
475	177
476	178
477	179
478	180
479	181
480	181
481	182
482	182
483	183
484	184
485	184
486	184
487	184
488	184
489	185
490	186
491	187
492	188
493	189
494	190
495	190
496	191
497	192
498	192
499	193
500	193
501	194
502	194
503	194
504	195
505	195
506	196
507	197
508	198
509	199
510	200
511	200
512	201
513	202
514	202
515	201
516	201
517	201
518	202
519	203
520	203
521	204
522	205
523	206
524	207
525	208
526	208
527	209
528	209
529	210
530	210
531	211
532	212
533	213
534	214
535	214
536	215
537	215
538	216
539	217
540	217
541	218
542	218
543	218
544	219
545	219
546	220
547	220
548	221
549	222
550	223
551	224
552	225
553	226
554	226
555	227
556	228
557	228
558	229
559	230
560	230
561	230
562	231
563	231
564	232
565	233
566	233
567	233
568	234
569	235
570	236
571	237
572	238
573	238
574	239
575	240
576	240
577	241
578	242
579	242
580	243
581	244
582	244
583	244
584	244
585	244
586	244
587	245
588	246
589	245
590	245
591	246
592	247
593	246
594	248
595	249
596	250
597	251
598	252
599	252
600	252
601	252
602	253
603	252
604	252
605	252
606	252
607	252
608	252
609	252
610	252
611	252
612	252
613	252
614	252
615	252
616	252
617	252
618	252
619	252
620	252
621	252
622	254
623	252
624	252
625	252
626	252
627	252
628	252
629	252
630	252
631	252
632	252
633	255
634	256
635	257
636	257
637	255
638	258
639	259
640	260
641	261
642	261
643	261
644	262
645	262
646	262
647	262
648	263
649	264
650	263
651	265
652	266
653	265
654	266
655	266
656	265
657	265
658	267
659	268
660	268
661	269
662	269
663	269
664	268
665	268
666	269
667	268
668	270
669	271
670	271
671	272
672	273
673	274
674	275
675	276
676	276
677	276
678	276
679	276
680	276
681	276
682	276
683	276
684	276
685	276
686	276
687	276
688	276
689	277
690	278
691	278
692	278
693	279
694	279
695	278
696	278
697	280
698	281
699	281
700	282
701	283
702	283
703	283
704	284
705	285
706	286
707	287
708	288
709	287
710	289
711	287
712	290
713	291
714	291
715	291
716	291
717	291
718	292
719	292
720	293
721	293
722	293
723	293
724	293
725	294
726	294
727	294
728	294
729	294
730	294
731	294
732	294
733	294
734	294
735	295
736	295
737	295
738	295
739	295
740	295
741	295
742	295
743	295
744	295
745	295
746	295
747	295
748	295
749	295
750	295
751	295
752	296
753	297
754	297
755	298
756	298
757	298
758	298
759	298
760	298
761	299
762	299
763	300
764	300
765	301
766	302
767	302
768	302
769	303
770	304
771	305
772	305
773	304
774	305
775	306
776	306
777	306
778	306
779	306
780	306
781	306
782	306
783	306
784	306
785	306
786	306
787	306
788	306
789	306
790	306
791	306
792	306
793	306
794	306
795	306
796	307
797	308
798	308
799	309
800	309
801	309
802	310
803	311
804	311
805	312
806	311
807	311
808	313
809	314
810	313
811	315
812	315
813	316
814	316
815	316
816	316
817	317
818	317
819	318
820	316
821	317
822	319
823	319
824	320
825	320
826	320
827	321
828	322
829	322
830	322
831	323
832	323
833	324
834	325
835	326
836	327
837	326
838	328
839	328
840	326
841	327
842	327
843	328
844	328
845	329
846	329
847	330
848	330
849	331
850	332
851	333
852	333
853	333
854	334
855	334
856	334
857	335
858	335
859	335
860	335
861	335
862	336
863	337
864	337
865	337
866	337
867	338
868	337
869	337
870	339
871	339
872	339
873	339
874	340
875	341
876	341
877	341
878	342
879	343
880	341
881	341
882	341
883	341
884	344
885	345
886	346
887	346
888	346
889	346
890	347
891	348
892	349
893	350
894	351
895	352
896	351
897	352
898	351
899	353
900	353
901	354
902	354
903	354
904	355
905	355
906	356
907	357
908	357
909	357
910	358
911	358
912	359
913	360
914	360
915	361
916	362
917	362
918	363
919	364
920	365
921	365
922	365
923	366
924	367
925	368
926	368
927	368
928	368
929	368
930	368
931	369
932	368
933	368
934	368
935	368
936	370
937	370
938	371
939	371
940	371
941	371
942	371
943	371
944	372
945	372
946	372
947	372
948	372
949	373
950	374
951	374
952	375
953	376
954	376
955	376
956	376
957	376
958	376
959	376
960	376
961	376
962	376
963	377
964	377
965	377
966	377
967	377
968	377
969	378
970	379
971	378
972	378
973	380
974	380
975	381
976	381
977	381
978	381
979	381
980	381
981	381
982	381
983	381
984	382
985	382
986	383
987	384
988	384
989	384
990	384
991	384
992	385
993	386
994	387
995	387
996	387
997	388
998	388
999	389
1000	389
1001	389
1002	390
1003	391
1004	391
1005	391
1006	390
1007	391
1008	391
1009	392
1010	393
1011	394
1012	394
1013	395
1014	396
1015	396
1016	396
1017	396
1018	397
1019	397
1020	398
1021	399
1022	400
1023	400
1024	400
1025	401
1026	401
1027	402
1028	403
1029	403
1030	404
1031	404
1032	404
1033	405
1034	406
1035	407
1036	408
1037	408
1038	409
1039	410
1040	411
1041	412
1042	413
1043	414
1044	415
1045	416
1046	416
1047	417
1048	417
1049	418
1050	418
1051	418
1052	418
1053	418
1054	418
1055	418
1056	419
1057	420
1058	421
1059	422
1060	423
1061	423
1062	424
1063	425
1064	425
1065	426
1066	426
1067	427
1068	427
1069	427
1070	428
1071	429
1072	428
1073	429
1074	428
1075	430
1076	430
1077	431
1078	432
1079	433
1080	433
1081	434
1082	434
1083	434
1084	435
1085	436
1086	436
1087	436
1088	437
1089	438
1090	437
1091	439
1092	440
1093	440
1094	441
1095	442
1096	443
1097	444
1098	445
1099	446
1100	447
1101	448
1102	449
1103	449
1104	449
1105	450
1106	451
1107	451
1108	451
1109	452
1110	453
1111	454
1112	455
1113	455
1114	456
1115	456
1116	457
1117	457
1118	458
1119	458
1120	458
1121	459
1122	460
1123	461
1124	460
1125	462
1126	460
1127	460
1128	463
1129	463
1130	463
1131	464
1132	464
1133	464
1134	465
1135	465
1136	466
1137	466
1138	467
1139	467
1140	468
1141	469
1142	469
1143	470
1144	471
1145	472
1146	473
1147	474
1148	474
1149	474
1150	475
1151	476
1152	475
1153	476
1154	477
1155	478
1156	479
1157	480
1158	481
1159	480
1160	482
1161	483
1162	484
1163	484
1164	485
1165	484
1166	484
1167	486
1168	486
1169	487
1170	487
1171	487
1172	487
1173	487
1174	487
1175	487
1176	487
1177	488
1178	488
1179	489
1180	490
1181	490
1182	491
1183	491
1184	491
1185	492
1186	493
1187	493
1188	493
1189	493
1190	494
1191	495
1192	495
1193	496
1194	496
1195	497
1196	498
1197	499
1198	500
1199	501
1200	499
1201	496
1202	502
1203	502
1204	502
1205	502
1206	502
1207	502
1208	502
1209	502
1210	502
1211	502
1212	502
1213	502
1214	502
1215	502
1216	503
1217	503
1218	504
1219	503
1220	504
1221	505
1222	505
1223	505
1224	505
1225	505
1226	505
1227	505
1228	505
1229	505
1230	506
1231	506
1232	506
1233	506
1234	506
1235	507
1236	508
1237	507
1238	507
1239	507
1240	507
1241	507
1242	507
1243	509
1244	507
1245	507
1246	510
1247	510
1248	510
1249	511
1250	512
1251	513
1252	513
1253	513
1254	513
1255	513
1256	514
1257	515
1258	515
1259	516
1260	516
1261	516
1262	516
1263	516
1264	517
1265	517
1266	518
1267	518
1268	519
1269	519
1270	519
1271	520
1272	521
1273	521
1274	521
1275	522
1276	522
1277	523
1278	524
1279	525
1280	526
1281	527
1282	527
1283	527
1284	527
1285	527
1286	527
1287	528
1288	529
1289	529
1290	529
1291	529
1292	529
1293	529
1294	530
1295	531
1296	531
1297	531
1298	532
1299	533
1300	533
1301	533
1302	534
1303	535
1304	534
1305	534
1306	536
1307	537
1308	537
1309	537
1310	537
1311	537
1312	538
1313	538
1314	538
1315	538
1316	539
1317	540
1318	540
1319	540
1320	540
1321	540
1322	541
1323	541
1324	542
1325	541
1326	542
1327	543
1328	543
1329	544
1330	544
1331	545
1332	546
1333	546
1334	547
1335	547
1336	547
1337	547
1338	547
1339	548
1340	549
1341	550
1342	550
1343	551
1344	552
1345	552
1346	553
1347	554
1348	555
1349	555
1350	556
1351	557
1352	557
1353	558
1354	559
1355	558
1356	559
1357	560
1358	560
1359	560
1360	561
1361	561
1362	561
1363	562
1364	563
1365	563
1366	563
1367	564
1368	565
1369	564
1370	566
1371	564
1372	567
1373	567
1374	568
1375	569
1376	570
1377	570
1378	570
1379	570
1380	570
1381	570
1382	571
1383	571
1384	571
1385	571
1386	572
1387	572
1388	572
1389	573
1390	574
1391	575
1392	576
1393	577
1394	577
1395	578
1396	578
1397	579
1398	579
1399	579
1400	579
1401	579
1402	580
1403	581
1404	582
1405	583
1406	583
1407	583
1408	584
1409	585
1410	586
1411	587
1412	587
1413	588
1414	588
1415	589
1416	589
1417	590
1418	591
1419	591
1420	592
1421	593
1422	593
1423	593
1424	594
1425	595
1426	596
1427	596
1428	597
1429	597
1430	598
1431	599
1432	600
1433	600
1434	601
1435	602
1436	603
1437	603
1438	603
1439	604
1440	603
1441	603
1442	604
1443	603
1444	603
1445	603
1446	604
1447	603
1448	603
1449	603
1450	603
1451	603
1452	603
1453	603
1454	603
1455	603
1456	603
1457	603
1458	603
1459	603
1460	603
1461	603
1462	603
1463	603
1464	603
1465	605
1466	606
1467	606
1468	606
1469	606
1470	607
1471	607
1472	607
1473	607
1474	607
1475	608
1476	608
1477	609
1478	609
1479	610
1480	610
1481	610
1482	611
1483	609
1484	610
1485	609
1486	609
1487	612
1488	613
1489	613
1490	614
1491	615
1492	615
1493	615
1494	616
1495	617
1496	618
1497	618
1498	617
1499	617
1500	618
1501	618
1502	618
1503	618
1504	619
1505	619
1506	620
1507	620
1508	621
1509	622
1510	623
1511	623
1512	624
1513	623
1514	623
1515	623
1516	625
1517	626
1518	627
1519	627
1520	628
1521	628
1522	629
1523	630
1524	630
1525	631
1526	630
1527	632
1528	633
1529	634
1530	635
1531	636
1532	637
1533	638
1534	639
1535	640
1536	641
1537	641
1538	642
1539	643
1540	644
1541	645
1542	646
1543	646
1544	647
1545	648
1546	648
1547	649
1548	649
1549	650
1550	650
1551	651
1552	652
1553	653
1554	653
1555	654
1556	654
1557	655
1558	656
1559	656
1560	657
1561	658
1562	659
1563	660
1564	660
1565	661
1566	662
1567	663
1568	663
1569	663
1570	663
1571	664
1572	664
1573	665
1574	666
1575	666
1576	666
1577	666
1578	667
1579	668
1580	668
1581	668
1582	667
1583	667
1584	668
1585	667
1586	669
1587	670
1588	671
1589	672
1590	673
1591	673
1592	674
1593	675
1594	675
1595	676
1596	677
1597	677
1598	678
1599	679
1600	679
1601	679
1602	680
1603	680
1604	681
1605	682
1606	682
1607	683
1608	683
1609	684
1610	684
1611	685
1612	685
1613	686
1614	687
1615	688
1616	688
1617	689
1618	690
1619	690
1620	691
1621	692
1622	691
1623	693
1624	694
1625	694
1626	695
1627	695
1628	696
1629	697
1630	697
1631	698
1632	699
1633	700
1634	701
1635	702
1636	703
1637	702
1638	704
1639	705
1640	704
1641	704
1642	704
1643	704
1644	706
1645	707
1646	707
1647	708
1648	708
1649	708
1650	709
1651	710
1652	710
1653	711
1654	711
1655	712
1656	713
1657	714
1658	713
1659	713
1660	715
1661	715
1662	715
1663	716
1664	716
1665	716
1666	717
1667	718
1668	719
1669	720
1670	721
1671	722
1672	722
1673	723
1674	724
1675	724
1676	724
1677	725
1678	725
1679	726
1680	727
1681	728
1682	729
1683	729
1684	730
1685	731
1686	731
1687	732
1688	733
1689	733
1690	733
1691	734
1692	734
1693	735
1694	735
1695	735
1696	736
1697	737
1698	737
1699	738
1700	738
1701	739
1702	740
1703	741
1704	741
1705	742
1706	743
1707	743
1708	744
1709	745
1710	745
1711	746
1712	746
1713	746
1714	747
1715	748
1716	748
1717	748
1718	748
1719	748
1720	748
1721	748
1722	748
1723	748
1724	748
1725	748
1726	748
1727	749
1728	749
1729	750
1730	751
1731	751
1732	752
1733	753
1734	752
1735	752
1736	754
1737	755
1738	755
1739	756
1740	756
1741	756
1742	756
1743	757
1744	758
1745	759
1746	760
1747	759
1748	759
1749	761
1750	761
1751	762
1752	763
1753	764
1754	763
1755	763
1756	765
1757	765
1758	765
1759	766
1760	767
1761	766
1762	768
1763	766
1764	769
1765	769
1766	770
1767	771
1768	771
1769	771
1770	771
1771	771
1772	772
1773	772
1774	773
1775	774
1776	775
1777	775
1778	776
1779	776
1780	776
1781	777
1782	777
1783	778
1784	779
1785	779
1786	780
1787	780
1788	780
1789	780
1790	780
1791	781
1792	782
1793	781
1794	783
1795	784
1796	783
1797	783
1798	785
1799	783
1800	786
1801	787
1802	788
1803	788
1804	789
1805	789
1806	788
1807	790
1808	791
1809	792
1810	793
1811	794
1812	794
1813	795
1814	796
1815	797
1816	797
1817	797
1818	797
1819	798
1820	799
1821	800
1822	800
1823	801
1824	802
1825	803
1826	804
1827	804
1828	805
1829	805
1830	805
1831	806
1832	807
1833	808
1834	808
1835	809
1836	810
1837	811
1838	812
1839	813
1840	813
1841	813
1842	814
1843	815
1844	815
1845	815
1846	816
1847	816
1848	816
1849	816
1850	816
1851	816
1852	816
1853	816
1854	816
1855	817
1856	818
1857	819
1858	820
1859	821
1860	822
1861	823
1862	824
1863	825
1864	826
1865	827
1866	827
1867	827
1868	828
1869	829
1870	830
1871	831
1872	831
1873	832
1874	833
1875	834
1876	835
1877	836
1878	837
1879	838
1880	839
1881	840
1882	840
1883	841
1884	842
1885	843
1886	844
1887	845
1888	846
1889	846
1890	847
1891	848
1892	849
1893	849
1894	850
1895	851
1896	851
1897	851
1898	852
1899	852
1900	853
1901	854
1902	854
1903	855
1904	854
1905	854
1906	856
1907	857
1908	857
1909	858
1910	859
1911	860
1912	861
1913	862
1914	862
1915	863
1916	864
1917	865
1918	865
1919	866
1920	867
1921	868
1922	869
1923	870
1924	870
1925	870
1926	871
1927	871
1928	872
1929	873
1930	874
1931	875
1932	876
1933	877
1934	877
1935	878
1936	879
1937	880
1938	881
1939	882
1940	883
1941	884
1942	884
1943	885
1944	885
1945	885
1946	885
1947	886
1948	886
1949	886
1950	887
1951	888
1952	888
1953	888
1954	888
1955	887
1956	889
1957	889
1958	890
1959	891
1960	892
1961	892
1962	893
1963	893
1964	893
1965	893
1966	893
1967	893
1968	894
1969	894
1970	894
1971	895
1972	895
1973	896
1974	896
1975	897
1976	898
1977	899
1978	899
1979	900
1980	900
1981	900
1982	901
1983	902
1984	902
1985	902
1986	903
1987	903
1988	904
1989	905
1990	905
1991	906
1992	905
1993	907
1994	908
1995	908
1996	908
1997	908
1998	909
1999	908
2000	908
2001	908
2002	908
2003	908
2004	908
2005	910
2006	910
2007	911
2008	912
2009	912
2010	913
2011	914
2012	915
2013	916
2014	916
2015	917
2016	918
2017	919
2018	920
2019	921
2020	920
2021	922
2022	923
2023	923
2024	924
2025	925
2026	926
2027	926
2028	927
2029	928
2030	929
2031	930
2032	931
2033	929
2034	932
2035	933
2036	934
2037	935
2038	935
2039	936
2040	937
2041	938
2042	939
2043	939
2044	940
2045	941
2046	942
2047	942
2048	942
2049	942
2050	943
2051	944
2052	945
2053	946
2054	945
2055	947
2056	947
2057	947
2058	948
2059	949
2060	950
2061	950
2062	951
2063	951
2064	951
2065	951
2066	951
2067	952
2068	952
2069	953
2070	954
2071	955
2072	955
2073	956
2074	956
2075	957
2076	958
2077	959
2078	960
2079	960
2080	961
2081	962
2082	962
2083	963
2084	964
2085	964
2086	964
2087	965
2088	966
2089	967
2090	968
2091	969
2092	970
2093	971
2094	971
2095	972
2096	973
2097	974
2098	975
2099	975
2100	976
2101	977
2102	978
2103	978
2104	979
2105	980
2106	981
2107	982
2108	982
2109	983
2110	984
2111	985
2112	986
2113	987
2114	988
2115	989
2116	990
2117	991
2118	992
2119	992
2120	992
2121	992
2122	993
2123	993
2124	994
2125	995
2126	996
2127	996
2128	997
2129	998
2130	999
2131	1000
2132	1000
2133	1001
2134	1002
2135	1002
2136	1002
2137	1002
2138	1003
2139	1003
2140	1003
2141	1004
2142	1005
2143	1003
2144	1003
2145	1005
2146	1003
2147	1005
2148	1006
2149	1007
2150	1006
2151	1007
2152	1007
2153	1007
2154	1007
2155	1007
2156	1008
2157	1008
2158	1008
2159	1008
2160	1008
2161	1009
2162	1009
2163	1009
2164	1010
2165	1009
2166	1011
2167	1011
2168	1011
2169	1011
2170	1012
2171	1013
2172	1014
2173	1014
2174	1014
2175	1015
2176	1016
2177	1017
2178	1018
2179	1019
2180	1019
2181	1020
2182	1021
2183	1021
2184	1022
2185	1023
2186	1023
2187	1023
2188	1024
2189	1024
2190	1025
2191	1026
2192	1026
2193	1027
2194	1027
2195	1028
2196	1028
2197	1027
2198	1029
2199	1030
2200	1030
2201	1030
2202	1030
2203	1031
2204	1031
2205	1031
2206	1031
2207	1032
2208	1033
2209	1034
2210	1034
2211	1035
2212	1035
2213	1035
2214	1036
2215	1036
2216	1037
2217	1037
2218	1038
2219	1039
2220	1040
2221	1041
2222	1041
2223	1042
2224	1043
2225	1044
2226	1044
2227	1045
2228	1045
2229	1046
2230	1047
2231	1048
2232	1049
2233	1049
2234	1050
2235	1051
2236	1051
2237	1052
2238	1053
2239	1053
2240	1054
2241	1055
2242	1055
2243	1056
2244	1057
2245	1057
2246	1058
2247	1059
2248	1060
2249	1061
2250	1061
2251	1062
2252	1063
2253	1063
2254	1064
2255	1065
2256	1065
2257	1066
2258	1065
2259	1065
2260	1066
2261	1067
2262	1067
2263	1068
2264	1069
2265	1069
2266	1070
2267	1070
2268	1071
2269	1072
2270	1073
2271	1073
2272	1073
2273	1073
2274	1073
2275	1073
2276	1073
2277	1074
2278	1074
2279	1075
2280	1076
2281	1077
2282	1077
2283	1077
2284	1078
2285	1079
2286	1080
2287	1080
2288	1081
2289	1081
2290	1082
2291	1083
2292	1084
2293	1085
2294	1086
2295	1087
2296	1087
2297	1087
2298	1087
2299	1087
2300	1087
2301	1087
2302	1088
2303	1089
2304	1090
2305	1090
2306	1091
2307	1091
2308	1092
2309	1093
2310	1093
2311	1094
2312	1095
2313	1095
2314	1095
2315	1096
2316	1097
2317	1098
2318	1099
2319	1100
2320	1101
2321	1100
2322	1100
2323	1102
2324	1102
2325	1100
2326	1100
2327	1101
2328	1101
2329	1101
2330	1099
2331	1103
2332	1104
2333	1103
2334	1103
2335	1103
2336	1105
2337	1105
2338	1106
2339	1106
2340	1107
2341	1107
2342	1108
2343	1109
2344	1109
2345	1110
2346	1111
2347	1111
2348	1112
2349	1113
2350	1114
2351	1114
2352	1114
2353	1115
2354	1116
2355	1117
2356	1118
2357	1119
2358	1120
2359	1121
2360	1122
2361	1122
2362	1122
2363	1123
2364	1123
2365	1124
2366	1125
2367	1125
2368	1126
2369	1126
2370	1126
2371	1126
2372	1126
2373	1126
2374	1126
2375	1126
2376	1126
2377	1127
2378	1127
2379	1127
2380	1127
2381	1127
2382	1128
2383	1129
2384	1129
2385	1129
2386	1130
2387	1131
2388	1132
2389	1132
2390	1133
2391	1133
2392	1134
2393	1134
2394	1134
2395	1135
2396	1135
2397	1136
2398	1136
2399	1137
2400	1137
2401	1138
2402	1139
2403	1140
2404	1141
2405	1142
2406	1142
2407	1143
2408	1144
2409	1145
2410	1146
2411	1147
2412	1148
2413	1148
2414	1149
2415	1150
2416	1151
2417	1152
2418	1152
2419	1152
2420	1153
2421	1154
2422	1153
2423	1155
2424	1156
2425	1157
2426	1158
2427	1159
2428	1159
2429	1160
2430	1160
2431	1161
2432	1162
2433	1162
2434	1163
2435	1163
2436	1164
2437	1165
2438	1166
2439	1166
2440	1167
2441	1168
2442	1168
2443	1168
2444	1168
2445	1168
2446	1169
2447	1170
2448	1171
2449	1172
2450	1172
2451	1173
2452	1174
2453	1175
2454	1176
2455	1177
2456	1177
2457	1178
2458	1179
2459	1180
2460	1180
2461	1181
2462	1182
2463	1182
2464	1182
2465	1183
2466	1184
2467	1183
2468	1185
2469	1186
2470	1186
2471	1187
2472	1188
2473	1188
2474	1189
2475	1190
2476	1191
2477	1191
2478	1191
2479	1192
2480	1193
2481	1194
2482	1195
2483	1196
2484	1196
2485	1197
2486	1198
2487	1198
2488	1199
2489	1199
2490	1199
2491	1199
2492	1200
2493	1201
2494	1201
2495	1202
2496	1201
2497	1203
2498	1203
2499	1204
2500	1203
2501	1205
2502	1206
2503	1207
2504	1208
2505	1209
2506	1210
2507	1211
2508	1211
2509	1211
2510	1212
2511	1212
2512	1213
2513	1214
2514	1215
2515	1215
2516	1216
2517	1217
2518	1217
2519	1218
2520	1218
2521	1219
2522	1220
2523	1221
2524	1222
2525	1223
2526	1224
2527	1224
2528	1225
2529	1226
2530	1226
2531	1226
2532	1226
2533	1227
2534	1227
2535	1227
2536	1227
2537	1227
2538	1227
2539	1227
2540	1228
2541	1229
2542	1229
2543	1230
2544	1231
2545	1232
2546	1232
2547	1231
2548	1233
2549	1234
2550	1234
2551	1235
2552	1235
2553	1235
2554	1235
2555	1236
2556	1237
2557	1237
2558	1238
2559	1239
2560	1240
2561	1240
2562	1241
2563	1241
2564	1242
2565	1243
2566	1242
2567	1244
2568	1244
2569	1245
2570	1246
2571	1247
2572	1247
2573	1247
2574	1247
2575	1247
2576	1247
2577	1248
2578	1249
2579	1250
2580	1250
2581	1250
2582	1250
2583	1250
2584	1250
2585	1250
2586	1250
2587	1250
2588	1250
2589	1250
2590	1250
2591	1251
2592	1252
2593	1253
2594	1254
2595	1255
2596	1256
2597	1257
2598	1257
2599	1258
2600	1259
2601	1259
2602	1260
2603	1261
2604	1262
2605	1262
2606	1263
2607	1264
2608	1264
2609	1264
2610	1265
2611	1266
2612	1266
2613	1267
2614	1268
2615	1268
2616	1269
2617	1269
2618	1270
2619	1271
2620	1272
2621	1273
2622	1274
2623	1275
2624	1275
2625	1276
2626	1276
2627	1277
2628	1278
2629	1279
2630	1280
2631	1281
2632	1281
2633	1282
2634	1283
2635	1284
2636	1285
2637	1285
2638	1285
2639	1286
2640	1287
2641	1287
2642	1288
2643	1288
2644	1289
2645	1289
2646	1290
2647	1291
2648	1292
2649	1292
2650	1291
2651	1291
2652	1293
2653	1293
2654	1293
2655	1293
2656	1293
2657	1294
2658	1294
2659	1295
2660	1296
2661	1297
2662	1296
2663	1298
2664	1298
2665	1298
2666	1299
2667	1300
2668	1301
2669	1301
2670	1302
2671	1303
2672	1303
2673	1304
2674	1304
2675	1305
2676	1305
2677	1306
2678	1307
2679	1308
2680	1309
2681	1309
2682	1309
2683	1310
2684	1310
2685	1311
2686	1311
2687	1312
2688	1312
2689	1312
2690	1313
2691	1314
2692	1314
2693	1315
2694	1316
2695	1317
2696	1318
2697	1319
2698	1319
2699	1320
2700	1319
2701	1319
2702	1319
2703	1319
2704	1321
2705	1321
2706	1322
2707	1321
2708	1323
2709	1323
2710	1323
2711	1324
2712	1325
2713	1326
2714	1327
2715	1327
2716	1328
2717	1329
2718	1329
2719	1330
2720	1331
2721	1331
2722	1331
2723	1331
2724	1332
2725	1332
2726	1333
2727	1334
2728	1335
2729	1336
2730	1337
2731	1338
2732	1338
2733	1339
2734	1340
2735	1341
2736	1342
2737	1343
2738	1344
2739	1345
2740	1346
2741	1346
2742	1346
2743	1346
2744	1347
2745	1348
2746	1349
2747	1349
2748	1349
2749	1350
2750	1351
2751	1352
2752	1353
2753	1354
2754	1354
2755	1355
2756	1356
2757	1356
2758	1357
2759	1358
2760	1359
2761	1359
2762	1359
2763	1359
2764	1359
2765	1359
2766	1359
2767	1359
2768	1359
2769	1359
2770	1359
2771	1359
2772	1359
2773	1359
2774	1359
2775	1359
2776	1359
2777	1359
2778	1359
2779	1359
2780	1359
2781	1359
2782	1359
2783	1359
2784	1359
2785	1359
2786	1359
2787	1359
2788	1359
2789	1359
2790	1360
2791	1360
2792	1360
2793	1360
2794	1360
2795	1360
2796	1360
2797	1360
2798	1360
2799	1360
2800	1360
2801	1361
2802	1362
2803	1363
2804	1363
2805	1364
2806	1364
2807	1364
2808	1364
2809	1365
2810	1366
2811	1367
2812	1367
2813	1366
2814	1366
2815	1368
2816	1369
2817	1370
2818	1369
2819	1369
2820	1369
2821	1371
2822	1372
2823	1372
2824	1373
2825	1373
2826	1373
2827	1374
2828	1374
2829	1375
2830	1376
2831	1375
2832	1376
2833	1377
2834	1376
2835	1378
2836	1379
2837	1380
2838	1381
2839	1381
2840	1381
2841	1381
2842	1382
2843	1381
2844	1381
2845	1381
2846	1383
2847	1384
2848	1385
2849	1386
2850	1387
2851	1388
2852	1389
2853	1390
2854	1391
2855	1392
2856	1392
2857	1393
2858	1394
2859	1395
2860	1396
2861	1396
2862	1396
2863	1397
2864	1397
2865	1397
2866	1397
2867	1398
2868	1398
2869	1398
2870	1399
2871	1400
2872	1401
2873	1400
2874	1400
2875	1402
2876	1402
2877	1403
2878	1403
2879	1403
2880	1403
2881	1404
2882	1405
2883	1405
2884	1406
2885	1407
2886	1408
2887	1409
2888	1410
2889	1411
2890	1412
2891	1413
2892	1413
2893	1414
2894	1414
2895	1415
2896	1415
2897	1416
2898	1417
2899	1416
2900	1416
2901	1416
2902	1418
2903	1418
2904	1418
2905	1418
2906	1418
2907	1418
2908	1418
2909	1418
2910	1418
2911	1418
2912	1418
2913	1418
2914	1418
2915	1418
2916	1418
2917	1418
2918	1418
2919	1418
2920	1418
2921	1418
2922	1418
2923	1418
2924	1418
2925	1419
2926	1420
2927	1421
2928	1421
2929	1421
2930	1421
2931	1421
2932	1421
2933	1422
2934	1422
2935	1422
2936	1423
2937	1423
2938	1424
2939	1425
2940	1426
2941	1427
2942	1428
2943	1429
2944	1430
2945	1431
2946	1431
2947	1432
2948	1433
2949	1433
2950	1433
2951	1434
2952	1434
2953	1435
2954	1436
2955	1436
2956	1437
2957	1438
2958	1439
2959	1439
2960	1440
2961	1439
2962	1441
2963	1441
2964	1442
2965	1443
2966	1444
2967	1445
2968	1445
2969	1446
2970	1446
2971	1447
2972	1447
2973	1448
2974	1448
2975	1449
2976	1449
2977	1450
2978	1450
2979	1451
2980	1451
2981	1451
2982	1451
2983	1451
2984	1452
2985	1453
2986	1452
2987	1452
2988	1454
2989	1454
2990	1455
2991	1456
2992	1457
2993	1457
2994	1458
2995	1459
2996	1460
2997	1461
2998	1462
2999	1462
3000	1463
3001	1464
3002	1464
3003	1464
3004	1465
3005	1466
3006	1466
3007	1466
3008	1467
3009	1467
3010	1468
3011	1468
3012	1467
3013	1468
3014	1469
3015	1469
3016	1470
3017	1470
3018	1471
3019	1471
3020	1472
3021	1473
3022	1473
3023	1474
3024	1475
3025	1475
3026	1476
3027	1476
3028	1477
3029	1477
3030	1478
3031	1479
3032	1480
3033	1481
3034	1482
3035	1483
3036	1484
3037	1484
3038	1485
3039	1485
3040	1486
3041	1487
3042	1488
3043	1489
3044	1489
3045	1490
3046	1491
3047	1491
3048	1492
3049	1493
3050	1494
3051	1494
3052	1495
3053	1495
3054	1495
3055	1496
3056	1497
3057	1498
3058	1499
3059	1498
3060	1499
3061	1500
3062	1501
3063	1502
3064	1502
3065	1501
3066	1503
3067	1502
3068	1502
3069	1502
3070	1504
3071	1504
3072	1504
3073	1504
3074	1505
3075	1506
3076	1506
3077	1507
3078	1508
3079	1507
3080	1509
3081	1509
3082	1509
3083	1510
3084	1511
3085	1511
3086	1512
3087	1512
3088	1513
3089	1513
3090	1514
3091	1515
3092	1516
3093	1517
3094	1517
3095	1518
3096	1518
3097	1519
3098	1520
3099	1520
3100	1520
3101	1520
3102	1520
3103	1521
3104	1522
3105	1523
3106	1523
3107	1524
3108	1525
3109	1526
3110	1527
3111	1528
3112	1529
3113	1529
3114	1528
3115	1530
3116	1531
3117	1531
3118	1531
3119	1532
3120	1532
3121	1533
3122	1534
3123	1534
3124	1535
3125	1536
3126	1537
3127	1538
3128	1538
3129	1539
3130	1539
3131	1539
3132	1540
3133	1540
3134	1541
3135	1542
3136	1543
3137	1543
3138	1543
3139	1544
3140	1544
3141	1545
3142	1546
3143	1547
3144	1547
3145	1548
3146	1549
3147	1549
3148	1550
3149	1551
3150	1551
3151	1551
3152	1552
3153	1553
3154	1554
3155	1555
3156	1555
3157	1556
3158	1557
3159	1558
3160	1559
3161	1559
3162	1560
3163	1560
3164	1561
3165	1561
3166	1562
3167	1563
3168	1564
3169	1565
3170	1566
3171	1567
3172	1568
3173	1568
3174	1568
3175	1568
3176	1568
3177	1568
3178	1568
3179	1568
3180	1568
3181	1568
3182	1568
3183	1568
3184	1569
3185	1570
3186	1570
3187	1571
3188	1571
3189	1572
3190	1573
3191	1573
3192	1573
3193	1573
3194	1574
3195	1573
3196	1573
3197	1573
3198	1573
3199	1575
3200	1576
3201	1575
3202	1575
3203	1577
3204	1575
3205	1575
3206	1578
3207	1579
3208	1580
3209	1581
3210	1581
3211	1582
3212	1583
3213	1584
3214	1585
3215	1586
3216	1587
3217	1588
3218	1588
3219	1589
3220	1590
3221	1590
3222	1591
3223	1592
3224	1593
3225	1594
3226	1594
3227	1594
3228	1595
3229	1596
3230	1597
3231	1598
3232	1598
3233	1598
3234	1599
3235	1600
3236	1601
3237	1602
3238	1603
3239	1604
3240	1605
3241	1606
3242	1607
3243	1608
3244	1609
3245	1610
3246	1611
3247	1611
3248	1611
3249	1612
3250	1613
3251	1614
3252	1614
3253	1615
3254	1616
3255	1617
3256	1618
3257	1619
3258	1620
3259	1621
3260	1622
3261	1623
3262	1624
3263	1624
3264	1625
3265	1626
3266	1627
3267	1628
3268	1629
3269	1629
3270	1629
3271	1629
3272	1630
3273	1631
3274	1632
3275	1633
3276	1633
3277	1633
3278	1634
3279	1634
3280	1635
3281	1636
3282	1637
3283	1637
3284	1638
3285	1638
3286	1639
3287	1640
3288	1640
3289	1641
3290	1642
3291	1643
3292	1644
3293	1644
3294	1645
3295	1646
3296	1646
3297	1647
3298	1648
3299	1649
3300	1649
3301	1650
3302	1650
3303	1651
3304	1652
3305	1653
3306	1654
3307	1655
3308	1655
3309	1656
3310	1657
3311	1658
3312	1659
3313	1660
3314	1661
3315	1661
3316	1662
3317	1663
3318	1664
3319	1665
3320	1666
3321	1667
3322	1667
3323	1668
3324	1668
3325	1669
3326	1668
3327	1670
3328	1671
3329	1672
3330	1673
3331	1673
3332	1674
3333	1675
3334	1676
3335	1677
3336	1678
3337	1679
3338	1680
3339	1681
3340	1682
3341	1683
3342	1683
3343	1684
3344	1685
3345	1686
3346	1686
3347	1686
3348	1687
3349	1687
3350	1688
3351	1689
3352	1689
3353	1690
3354	1690
3355	1690
3356	1691
3357	1692
3358	1693
3359	1694
3360	1695
3361	1693
3362	1696
3363	1696
3364	1696
3365	1697
3366	1698
3367	1699
3368	1700
3369	1701
3370	1702
3371	1703
3372	1703
3373	1704
3374	1705
3375	1705
3376	1706
3377	1707
3378	1707
3379	1708
3380	1709
3381	1710
3382	1711
3383	1712
3384	1713
3385	1714
3386	1715
3387	1715
3388	1716
3389	1717
3390	1717
3391	1718
3392	1718
3393	1719
3394	1720
3395	1720
3396	1721
3397	1722
3398	1722
3399	1722
3400	1723
3401	1723
3402	1723
3403	1723
3404	1723
3405	1723
3406	1723
3407	1723
3408	1724
3409	1725
3410	1725
3411	1726
3412	1726
3413	1726
3414	1727
3415	1728
3416	1728
3417	1729
3418	1730
3419	1731
3420	1731
3421	1732
3422	1733
3423	1733
3424	1733
3425	1734
3426	1735
3427	1735
3428	1736
3429	1736
3430	1737
3431	1737
3432	1738
3433	1739
3434	1739
3435	1740
3436	1741
3437	1741
3438	1742
3439	1742
3440	1742
3441	1742
3442	1743
3443	1743
3444	1744
3445	1745
3446	1746
3447	1747
3448	1747
3449	1748
3450	1748
3451	1748
3452	1749
3453	1750
3454	1751
3455	1751
3456	1752
3457	1753
3458	1754
3459	1755
3460	1756
3461	1756
3462	1756
3463	1757
3464	1757
3465	1757
3466	1757
3467	1758
3468	1759
3469	1760
3470	1761
3471	1762
3472	1762
3473	1763
3474	1764
3475	1765
3476	1765
3477	1765
3478	1766
3479	1767
3480	1768
3481	1769
3482	1770
3483	1770
3484	1770
3485	1770
3486	1771
3487	1772
3488	1773
3489	1772
3490	1772
3491	1772
3492	1774
3493	1775
3494	1776
3495	1776
3496	1776
3497	1776
3498	1777
3499	1778
3500	1779
3501	1779
3502	1780
3503	1781
3504	1781
3505	1782
3506	1782
3507	1782
3508	1783
3509	1784
3510	1784
3511	1784
3512	1784
3513	1785
3514	1786
3515	1786
3516	1787
3517	1787
3518	1788
3519	1788
3520	1788
3521	1789
3522	1790
3523	1791
3524	1792
3525	1793
3526	1793
3527	1793
3528	1793
3529	1793
3530	1794
3531	1794
3532	1794
3533	1795
3534	1796
3535	1795
3536	1794
3537	1794
3538	1797
3539	1798
3540	1799
3541	1800
3542	1801
3543	1802
3544	1803
3545	1803
3546	1803
3547	1803
3548	1802
3549	1803
3550	1803
3551	1803
3552	1804
3553	1805
3554	1806
3555	1806
3556	1806
3557	1806
3558	1806
3559	1806
3560	1806
3561	1806
3562	1807
3563	1807
3564	1808
3565	1807
3566	1807
3567	1807
3568	1809
3569	1810
3570	1811
3571	1812
3572	1813
3573	1813
3574	1814
3575	1815
3576	1815
3577	1816
3578	1817
3579	1818
3580	1818
3581	1819
3582	1820
3583	1821
3584	1822
3585	1823
3586	1823
3587	1823
3588	1823
3589	1823
3590	1823
3591	1823
3592	1824
3593	1825
3594	1826
3595	1827
3596	1827
3597	1828
3598	1828
3599	1828
3600	1829
3601	1829
3602	1830
3603	1831
3604	1832
3605	1832
3606	1833
3607	1833
3608	1834
3609	1835
3610	1836
3611	1837
3612	1838
3613	1838
3614	1839
3615	1840
3616	1840
3617	1841
3618	1842
3619	1843
3620	1844
3621	1845
3622	1846
3623	1845
3624	1846
3625	1845
3626	1845
3627	1847
3628	1848
3629	1848
3630	1849
3631	1850
3632	1850
3633	1851
3634	1851
3635	1852
3636	1853
3637	1854
3638	1854
3639	1855
3640	1856
3641	1856
3642	1855
3643	1855
3644	1857
3645	1858
3646	1859
3647	1860
3648	1861
3649	1862
3650	1862
3651	1863
3652	1863
3653	1864
3654	1865
3655	1866
3656	1867
3657	1867
3658	1868
3659	1869
3660	1869
3661	1870
3662	1871
3663	1871
3664	1871
3665	1871
3666	1872
3667	1873
3668	1874
3669	1874
3670	1874
3671	1874
3672	1875
3673	1875
3674	1876
3675	1877
3676	1878
3677	1878
3678	1879
3679	1880
3680	1881
3681	1882
3682	1883
3683	1884
3684	1884
3685	1884
3686	1885
3687	1886
3688	1887
3689	1887
3690	1888
3691	1889
3692	1890
3693	1891
3694	1892
3695	1893
3696	1894
3697	1895
3698	1896
3699	1896
3700	1897
3701	1897
3702	1898
3703	1899
3704	1899
3705	1900
3706	1901
3707	1902
3708	1903
3709	1904
3710	1905
3711	1906
3712	1907
3713	1908
3714	1908
3715	1908
3716	1908
3717	1908
3718	1908
3719	1909
3720	1910
3721	1911
3722	1912
3723	1912
3724	1913
3725	1914
3726	1915
3727	1916
3728	1917
3729	1917
3730	1918
3731	1919
3732	1920
3733	1921
3734	1922
3735	1922
3736	1922
3737	1923
3738	1923
3739	1924
3740	1925
3741	1925
3742	1925
3743	1926
3744	1926
3745	1926
3746	1926
3747	1927
3748	1927
3749	1928
3750	1928
3751	1929
3752	1930
3753	1930
3754	1931
3755	1932
3756	1932
3757	1933
3758	1934
3759	1935
3760	1936
3761	1937
3762	1938
3763	1939
3764	1940
3765	1940
3766	1940
3767	1941
3768	1941
3769	1942
3770	1943
3771	1944
3772	1944
3773	1945
3774	1945
3775	1946
3776	1946
3777	1947
3778	1947
3779	1947
3780	1948
3781	1948
3782	1949
3783	1950
3784	1950
3785	1950
3786	1951
3787	1952
3788	1952
3789	1952
3790	1953
3791	1953
3792	1954
3793	1953
3794	1955
3795	1953
3796	1953
3797	1954
3798	1953
3799	1956
3800	1957
3801	1958
3802	1959
3803	1960
3804	1960
3805	1960
3806	1960
3807	1961
3808	1962
3809	1963
3810	1964
3811	1965
3812	1966
3813	1967
3814	1968
3815	1968
3816	1968
3817	1968
3818	1968
3819	1968
3820	1969
3821	1970
3822	1970
3823	1970
3824	1970
3825	1970
3826	1971
3827	1972
3828	1972
3829	1972
3830	1973
3831	1974
3832	1974
3833	1975
3834	1976
3835	1977
3836	1976
3837	1976
3838	1977
3839	1978
3840	1978
3841	1978
3842	1979
3843	1980
3844	1980
3845	1981
3846	1981
3847	1982
3848	1983
3849	1984
3850	1984
3851	1985
3852	1985
3853	1985
3854	1986
3855	1986
3856	1986
3857	1987
3858	1987
3859	1988
3860	1988
3861	1989
3862	1989
3863	1990
3864	1991
3865	1991
3866	1992
3867	1993
3868	1993
3869	1994
3870	1995
3871	1996
3872	1995
3873	1995
3874	1997
3875	1997
3876	1998
3877	1999
3878	1999
3879	2000
3880	2001
3881	2001
3882	2001
3883	2002
3884	2002
3885	2003
3886	2004
3887	2005
3888	2006
3889	2006
3890	2007
3891	2008
3892	2009
3893	2009
3894	2009
3895	2009
3896	2009
3897	2010
3898	2011
3899	2012
3900	2013
3901	2013
3902	2014
3903	2015
3904	2015
3905	2016
3906	2017
3907	2018
3908	2017
3909	2017
3910	2017
3911	2019
3912	2020
3913	2020
3914	2020
3915	2020
3916	2020
3917	2020
3918	2020
3919	2020
3920	2020
3921	2021
3922	2022
3923	2023
3924	2024
3925	2025
3926	2026
3927	2027
3928	2028
3929	2029
3930	2030
3931	2031
3932	2031
3933	2032
3934	2033
3935	2034
3936	2034
3937	2035
3938	2036
3939	2037
3940	2036
3941	2036
3942	2038
3943	2039
3944	2039
3945	2039
3946	2040
3947	2041
3948	2041
3949	2041
3950	2041
3951	2041
3952	2042
3953	2043
3954	2043
3955	2043
3956	2043
3957	2044
3958	2045
3959	2046
3960	2047
3961	2048
3962	2048
3963	2048
3964	2049
3965	2049
3966	2049
3967	2049
3968	2050
3969	2049
3970	2050
3971	2048
3972	2048
3973	2048
3974	2050
3975	2049
3976	2049
3977	2051
3978	2052
3979	2053
3980	2053
3981	2053
3982	2053
3983	2054
3984	2054
3985	2055
3986	2056
3987	2056
3988	2057
3989	2058
3990	2059
3991	2060
3992	2061
3993	2062
3994	2063
3995	2063
3996	2063
3997	2063
3998	2064
3999	2065
4000	2066
4001	2066
4002	2066
4003	2066
4004	2066
4005	2067
4006	2067
4007	2068
4008	2069
4009	2070
4010	2071
4011	2072
4012	2071
4013	2071
4014	2073
4015	2074
4016	2074
4017	2075
4018	2076
4019	2077
4020	2078
4021	2079
4022	2080
4023	2080
4024	2080
4025	2081
4026	2082
4027	2083
4028	2084
4029	2085
4030	2085
4031	2086
4032	2087
4033	2086
4034	2088
4035	2089
4036	2089
4037	2090
4038	2091
4039	2091
4040	2092
4041	2093
4042	2093
4043	2094
4044	2095
4045	2095
4046	2096
4047	2097
4048	2098
4049	2099
4050	2100
4051	2100
4052	2101
4053	2102
4054	2102
4055	2103
4056	2104
4057	2105
4058	2106
4059	2107
4060	2107
4061	2108
4062	2109
4063	2110
4064	2111
4065	2112
4066	2113
4067	2114
4068	2115
4069	2116
4070	2116
4071	2117
4072	2117
4073	2118
4074	2119
4075	2120
4076	2121
4077	2122
4078	2122
4079	2122
4080	2123
4081	2124
4082	2125
4083	2126
4084	2127
4085	2127
4086	2127
4087	2128
4088	2129
4089	2130
4090	2131
4091	2132
4092	2133
4093	2133
4094	2133
4095	2134
4096	2135
4097	2135
4098	2136
4099	2136
4100	2137
4101	2138
4102	2138
4103	2139
4104	2140
4105	2141
4106	2141
4107	2142
4108	2143
4109	2144
4110	2145
4111	2145
4112	2146
4113	2147
4114	2147
4115	2147
4116	2147
4117	2147
4118	2147
4119	2147
4120	2147
4121	2147
4122	2147
4123	2147
4124	2147
4125	2147
4126	2147
4127	2148
4128	2149
4129	2149
4130	2150
4131	2151
4132	2151
4133	2152
4134	2152
4135	2153
4136	2153
4137	2153
4138	2154
4139	2155
4140	2155
4141	2155
4142	2156
4143	2157
4144	2158
4145	2159
4146	2160
4147	2161
4148	2162
4149	2163
4150	2163
4151	2164
4152	2164
4153	2165
4154	2165
4155	2166
4156	2167
4157	2167
4158	2168
4159	2168
4160	2169
4161	2168
4162	2169
4163	2168
4164	2170
4165	2171
4166	2172
4167	2173
4168	2174
4169	2175
4170	2176
4171	2177
4172	2178
4173	2178
4174	2178
4175	2179
4176	2180
4177	2181
4178	2182
4179	2183
4180	2184
4181	2185
4182	2186
4183	2186
4184	2187
4185	2188
4186	2189
4187	2189
4188	2190
4189	2191
4190	2192
4191	2193
4192	2193
4193	2193
4194	2194
4195	2194
4196	2194
4197	2195
4198	2195
4199	2196
4200	2197
4201	2197
4202	2198
4203	2199
4204	2200
4205	2200
4206	2201
4207	2202
4208	2203
4209	2204
4210	2203
4211	2203
4212	2203
4213	2204
4214	2203
4215	2203
4216	2205
4217	2205
4218	2206
4219	2207
4220	2208
4221	2209
4222	2210
4223	2211
4224	2212
4225	2213
4226	2214
4227	2215
4228	2215
4229	2215
4230	2216
4231	2217
4232	2218
4233	2219
4234	2220
4235	2221
4236	2222
4237	2222
4238	2223
4239	2224
4240	2224
4241	2224
4242	2225
4243	2226
4244	2226
4245	2227
4246	2227
4247	2228
4248	2228
4249	2228
4250	2229
4251	2230
4252	2230
4253	2231
4254	2231
4255	2232
4256	2232
4257	2233
4258	2233
4259	2233
4260	2234
4261	2235
4262	2236
4263	2237
4264	2238
4265	2239
4266	2238
4267	2239
4268	2238
4269	2240
4270	2241
4271	2242
4272	2243
4273	2243
4274	2244
4275	2244
4276	2245
4277	2246
4278	2245
4279	2245
4280	2245
4281	2247
4282	2248
4283	2249
4284	2249
4285	2250
4286	2251
4287	2252
4288	2252
4289	2253
4290	2253
4291	2253
4292	2253
4293	2253
4294	2253
4295	2254
4296	2255
4297	2255
4298	2256
4299	2256
4300	2257
4301	2258
4302	2259
4303	2260
4304	2261
4305	2261
4306	2262
4307	2263
4308	2263
4309	2264
4310	2265
4311	2266
4312	2267
4313	2268
4314	2269
4315	2270
4316	2271
4317	2271
4318	2272
4319	2273
4320	2274
4321	2274
4322	2274
4323	2275
4324	2276
4325	2276
4326	2277
4327	2277
4328	2278
4329	2279
4330	2280
4331	2281
4332	2282
4333	2283
4334	2283
4335	2284
4336	2284
4337	2285
4338	2286
4339	2287
4340	2287
4341	2287
4342	2288
4343	2289
4344	2289
4345	2290
4346	2290
4347	2291
4348	2292
4349	2292
4350	2293
4351	2294
4352	2295
4353	2296
4354	2296
4355	2297
4356	2298
4357	2299
4358	2300
4359	2301
4360	2302
4361	2303
4362	2303
4363	2304
4364	2304
4365	2305
4366	2306
4367	2307
4368	2308
4369	2309
4370	2310
4371	2310
4372	2310
4373	2311
4374	2311
4375	2311
4376	2311
4377	2312
4378	2313
4379	2314
4380	2314
4381	2315
4382	2316
4383	2317
4384	2318
4385	2319
4386	2320
4387	2321
4388	2321
4389	2321
4390	2322
4391	2323
4392	2322
4393	2323
4394	2322
4395	2324
4396	2324
4397	2325
4398	2326
4399	2327
4400	2328
4401	2329
4402	2329
4403	2330
4404	2331
4405	2332
4406	2333
4407	2334
4408	2335
4409	2335
4410	2335
4411	2336
4412	2337
4413	2337
4414	2338
4415	2339
4416	2339
4417	2340
4418	2340
4419	2340
4420	2341
4421	2342
4422	2342
4423	2343
4424	2343
4425	2344
4426	2345
4427	2346
4428	2347
4429	2348
4430	2349
4431	2350
4432	2351
4433	2352
4434	2353
4435	2354
4436	2355
4437	2356
4438	2357
4439	2358
4440	2359
4441	2360
4442	2361
4443	2362
4444	2362
4445	2363
4446	2364
4447	2365
4448	2366
4449	2366
4450	2367
4451	2368
4452	2369
4453	2369
4454	2369
4455	2370
4456	2371
4457	2372
4458	2373
4459	2374
4460	2375
4461	2376
4462	2377
4463	2378
4464	2378
4465	2378
4466	2379
4467	2380
4468	2380
4469	2380
4470	2380
4471	2381
4472	2382
4473	2383
4474	2384
4475	2385
4476	2386
4477	2386
4478	2387
4479	2387
4480	2387
4481	2388
4482	2389
4483	2389
4484	2390
4485	2391
4486	2392
4487	2391
4488	2393
4489	2394
4490	2395
4491	2396
4492	2396
4493	2397
4494	2398
4495	2398
4496	2399
4497	2400
4498	2401
4499	2402
4500	2403
4501	2404
4502	2404
4503	2405
4504	2406
4505	2407
4506	2408
4507	2409
4508	2409
4509	2410
4510	2409
4511	2411
4512	2411
4513	2412
4514	2413
4515	2414
4516	2414
4517	2415
4518	2416
4519	2416
4520	2417
4521	2418
4522	2418
4523	2419
4524	2420
4525	2420
4526	2421
4527	2422
4528	2423
4529	2424
4530	2425
4531	2426
4532	2427
4533	2428
4534	2429
4535	2429
4536	2430
4537	2430
4538	2431
4539	2431
4540	2432
4541	2433
4542	2433
4543	2434
4544	2435
4545	2435
4546	2435
4547	2436
4548	2437
4549	2438
4550	2438
4551	2439
4552	2440
4553	2440
4554	2441
4555	2442
4556	2442
4557	2442
4558	2443
4559	2444
4560	2445
4561	2446
4562	2447
4563	2448
4564	2449
4565	2449
4566	2450
4567	2450
4568	2451
4569	2451
4570	2451
4571	2452
4572	2453
4573	2454
4574	2454
4575	2454
4576	2455
4577	2455
4578	2456
4579	2457
4580	2457
4581	2457
4582	2457
4583	2458
4584	2458
4585	2459
4586	2460
4587	2461
4588	2462
4589	2463
4590	2463
4591	2464
4592	2465
4593	2466
4594	2467
4595	2468
4596	2469
4597	2469
4598	2469
4599	2470
4600	2470
4601	2471
4602	2472
4603	2473
4604	2474
4605	2474
4606	2475
4607	2476
4608	2477
4609	2478
4610	2479
4611	2479
4612	2480
4613	2481
4614	2481
4615	2482
4616	2483
4617	2484
4618	2485
4619	2485
4620	2486
4621	2486
4622	2487
4623	2488
4624	2489
4625	2490
4626	2491
4627	2492
4628	2493
4629	2494
4630	2495
4631	2496
4632	2497
4633	2498
4634	2499
4635	2500
4636	2501
4637	2502
4638	2503
4639	2504
4640	2505
4641	2506
4642	2507
4643	2508
4644	2509
4645	2510
4646	2511
4647	2512
4648	2513
4649	2514
4650	2514
4651	2515
4652	2514
4653	2516
4654	2517
4655	2518
4656	2519
4657	2519
4658	2520
4659	2520
4660	2520
4661	2521
4662	2522
4663	2523
4664	2524
4665	2525
4666	2525
4667	2526
4668	2527
4669	2528
4670	2529
4671	2529
4672	2529
4673	2530
4674	2530
4675	2531
4676	2532
4677	2533
4678	2533
4679	2534
4680	2535
4681	2535
4682	2536
4683	2536
4684	2536
4685	2536
4686	2537
4687	2538
4688	2538
4689	2538
4690	2539
4691	2539
4692	2539
4693	2540
4694	2540
4695	2541
4696	2542
4697	2543
4698	2544
4699	2543
4700	2543
4701	2543
4702	2545
4703	2545
4704	2546
4705	2547
4706	2547
4707	2548
4708	2549
4709	2550
4710	2551
4711	2552
4712	2552
4713	2552
4714	2553
4715	2552
4716	2554
4717	2555
4718	2556
4719	2557
4720	2558
4721	2559
4722	2560
4723	2560
4724	2561
4725	2561
4726	2562
4727	2563
4728	2564
4729	2565
4730	2566
4731	2567
4732	2568
4733	2569
4734	2570
4735	2570
4736	2571
4737	2572
4738	2573
4739	2573
4740	2574
4741	2575
4742	2576
4743	2576
4744	2576
4745	2576
4746	2577
4747	2578
4748	2579
4749	2580
4750	2581
4751	2582
4752	2583
4753	2584
4754	2585
4755	2586
4756	2587
4757	2588
4758	2589
4759	2589
4760	2590
4761	2590
4762	2590
4763	2591
4764	2591
4765	2591
4766	2592
4767	2593
4768	2593
4769	2594
4770	2595
4771	2596
4772	2597
4773	2598
4774	2598
4775	2599
4776	2600
4777	2600
4778	2601
4779	2602
4780	2602
4781	2603
4782	2604
4783	2605
4784	2605
4785	2605
4786	2606
4787	2606
4788	2607
4789	2607
4790	2608
4791	2608
4792	2608
4793	2608
4794	2609
4795	2610
4796	2611
4797	2611
4798	2612
4799	2613
4800	2614
4801	2614
4802	2614
4803	2615
4804	2615
4805	2615
4806	2615
4807	2616
4808	2616
4809	2616
4810	2617
4811	2618
4812	2618
4813	2619
4814	2620
4815	2621
4816	2621
4817	2622
4818	2623
4819	2623
4820	2624
4821	2625
4822	2625
4823	2626
4824	2625
4825	2627
4826	2628
4827	2628
4828	2629
4829	2630
4830	2631
4831	2632
4832	2633
4833	2634
4834	2635
4835	2636
4836	2637
4837	2638
4838	2639
4839	2640
4840	2640
4841	2641
4842	2641
4843	2642
4844	2642
4845	2642
4846	2643
4847	2644
4848	2645
4849	2646
4850	2647
4851	2648
4852	2649
4853	2649
4854	2650
4855	2651
4856	2652
4857	2653
4858	2654
4859	2655
4860	2655
4861	2656
4862	2657
4863	2657
4864	2658
4865	2658
4866	2659
4867	2660
4868	2661
4869	2662
4870	2663
4871	2664
4872	2665
4873	2666
4874	2666
4875	2666
4876	2667
4877	2668
4878	2669
4879	2669
4880	2670
4881	2670
4882	2671
4883	2672
4884	2672
4885	2673
4886	2673
4887	2674
4888	2675
4889	2675
4890	2676
4891	2677
4892	2677
4893	2678
4894	2679
4895	2680
4896	2680
4897	2681
4898	2682
4899	2682
4900	2682
4901	2683
4902	2684
4903	2685
4904	2686
4905	2687
4906	2687
4907	2688
4908	2689
4909	2689
4910	2690
4911	2691
4912	2692
4913	2693
4914	2694
4915	2695
4916	2696
4917	2697
4918	2698
4919	2698
4920	2699
4921	2700
4922	2701
4923	2702
4924	2703
4925	2703
4926	2703
4927	2704
4928	2705
4929	2705
4930	2706
4931	2707
4932	2708
4933	2709
4934	2710
4935	2710
4936	2711
4937	2711
4938	2712
4939	2713
4940	2713
4941	2714
4942	2715
4943	2716
4944	2717
4945	2718
4946	2718
4947	2719
4948	2720
4949	2721
4950	2722
4951	2723
4952	2722
4953	2724
4954	2725
4955	2726
4956	2727
4957	2728
4958	2729
4959	2730
4960	2731
4961	2732
4962	2733
4963	2734
4964	2735
4965	2735
4966	2735
4967	2736
4968	2737
4969	2737
4970	2738
4971	2738
4972	2739
4973	2740
4974	2740
4975	2741
4976	2742
4977	2743
4978	2744
4979	2745
4980	2745
4981	2746
4982	2746
4983	2747
4984	2747
4985	2747
4986	2747
4987	2748
4988	2749
4989	2750
4990	2751
4991	2752
4992	2753
4993	2754
4994	2755
4995	2756
4996	2756
4997	2757
4998	2757
4999	2758
5000	2759
5001	2760
5002	2761
5003	2761
5004	2761
5005	2762
5006	2763
5007	2763
5008	2764
5009	2765
5010	2766
5011	2767
5012	2768
5013	2769
5014	2770
5015	2771
5016	2772
5017	2773
5018	2773
5019	2774
5020	2774
5021	2773
5022	2775
5023	2776
5024	2777
5025	2778
5026	2779
5027	2780
5028	2781
5029	2782
5030	2783
5031	2784
5032	2785
5033	2786
5034	2786
5035	2787
5036	2787
5037	2787
5038	2787
5039	2788
5040	2788
5041	2789
5042	2790
5043	2790
5044	2791
5045	2792
5046	2793
5047	2794
5048	2795
5049	2796
5050	2797
5051	2798
5052	2799
5053	2799
5054	2800
5055	2800
5056	2800
5057	2800
5058	2800
5059	2801
5060	2802
5061	2803
5062	2804
5063	2805
5064	2804
5065	2806
5066	2807
5067	2808
5068	2808
5069	2809
5070	2810
5071	2811
5072	2812
5073	2813
5074	2813
5075	2814
5076	2815
5077	2816
5078	2816
5079	2817
5080	2817
5081	2818
5082	2819
5083	2819
5084	2820
5085	2820
5086	2820
5087	2820
5088	2820
5089	2820
5090	2820
5091	2820
5092	2820
5093	2820
5094	2820
5095	2820
5096	2820
5097	2820
5098	2820
5099	2820
5100	2820
5101	2820
5102	2820
5103	2820
5104	2820
5105	2820
5106	2820
5107	2820
5108	2820
5109	2820
5110	2820
5111	2820
5112	2820
5113	2820
5114	2820
5115	2820
5116	2820
5117	2820
5118	2820
5119	2820
5120	2820
5121	2820
5122	2820
5123	2820
5124	2820
5125	2820
5126	2820
5127	2820
5128	2820
5129	2820
5130	2820
5131	2820
5132	2820
5133	2820
5134	2820
5135	2820
5136	2820
5137	2820
5138	2821
5139	2822
5140	2822
5141	2822
5142	2822
5143	2822
5144	2822
5145	2823
5146	2824
5147	2825
5148	2826
5149	2827
5150	2827
5151	2828
5152	2828
5153	2828
5154	2829
5155	2830
5156	2831
5157	2831
5158	2832
5159	2833
5160	2833
5161	2834
5162	2834
5163	2834
5164	2835
5165	2836
5166	2836
5167	2837
5168	2836
5169	2837
5170	2838
5171	2839
5172	2840
5173	2841
5174	2842
5175	2843
5176	2844
5177	2845
5178	2846
5179	2847
5180	2848
5181	2849
5182	2850
5183	2851
5184	2852
5185	2852
5186	2853
5187	2853
5188	2854
5189	2855
5190	2855
5191	2856
5192	2857
5193	2858
5194	2858
5195	2859
5196	2860
5197	2860
5198	2861
5199	2861
5200	2862
5201	2862
5202	2862
5203	2863
5204	2863
5205	2864
5206	2865
5207	2866
5208	2867
5209	2868
5210	2868
5211	2869
5212	2869
5213	2870
5214	2871
5215	2872
5216	2873
5217	2874
5218	2875
5219	2875
5220	2876
5221	2877
5222	2878
5223	2879
5224	2880
5225	2881
5226	2881
5227	2882
5228	2883
5229	2884
5230	2885
5231	2886
5232	2886
5233	2887
5234	2888
5235	2888
5236	2888
5237	2888
5238	2888
5239	2889
5240	2889
5241	2889
5242	2889
5243	2890
5244	2891
5245	2891
5246	2891
5247	2892
5248	2893
5249	2894
5250	2894
5251	2895
5252	2896
5253	2897
5254	2897
5255	2897
5256	2897
5257	2897
5258	2898
5259	2898
5260	2899
5261	2900
5262	2901
5263	2901
5264	2902
5265	2903
5266	2904
5267	2905
5268	2905
5269	2906
5270	2906
5271	2907
5272	2908
5273	2909
5274	2909
5275	2910
5276	2911
5277	2912
5278	2913
5279	2914
5280	2915
5281	2916
5282	2917
5283	2917
5284	2918
5285	2919
5286	2920
5287	2921
5288	2922
5289	2923
5290	2924
5291	2925
5292	2926
5293	2927
5294	2928
5295	2927
5296	2929
5297	2930
5298	2931
5299	2932
5300	2933
5301	2934
5302	2935
5303	2936
5304	2937
5305	2938
5306	2939
5307	2940
5308	2941
5309	2942
5310	2943
5311	2943
5312	2944
5313	2944
5314	2945
5315	2946
5316	2947
5317	2948
5318	2949
5319	2950
5320	2951
5321	2952
5322	2953
5323	2954
5324	2955
5325	2955
5326	2956
5327	2955
5328	2955
5329	2955
5330	2957
5331	2958
5332	2957
5333	2957
5334	2959
5335	2959
5336	2959
5337	2959
5338	2959
5339	2959
5340	2960
5341	2961
5342	2962
5343	2963
5344	2964
5345	2965
5346	2966
5347	2966
5348	2967
5349	2968
5350	2969
5351	2970
5352	2971
5353	2972
5354	2973
5355	2974
5356	2974
5357	2975
5358	2975
5359	2976
5360	2977
5361	2978
5362	2978
5363	2979
5364	2980
5365	2981
5366	2982
5367	2983
5368	2984
5369	2983
5370	2985
5371	2985
5372	2986
5373	2987
5374	2988
5375	2989
5376	2990
5377	2990
5378	2991
5379	2992
5380	2993
5381	2994
5382	2995
5383	2996
5384	2995
5385	2996
5386	2995
5387	2995
5388	2997
5389	2998
5390	2999
5391	3000
5392	3001
5393	3001
5394	3002
5395	3002
5396	3003
5397	3004
5398	3005
5399	3006
5400	3006
5401	3006
5402	3007
5403	3007
5404	3008
5405	3009
5406	3009
5407	3010
5408	3010
5409	3011
5410	3012
5411	3013
5412	3014
5413	3015
5414	3016
5415	3017
5416	3018
5417	3019
5418	3019
5419	3020
5420	3021
5421	3022
5422	3023
5423	3024
5424	3025
5425	3025
5426	3025
5427	3025
5428	3026
5429	3026
5430	3026
5431	3027
5432	3028
5433	3029
5434	3030
5435	3031
5436	3032
5437	3033
5438	3034
5439	3035
5440	3036
5441	3037
5442	3038
5443	3039
5444	3039
5445	3040
5446	3041
5447	3042
5448	3042
5449	3043
5450	3043
5451	3044
5452	3044
5453	3045
5454	3046
5455	3046
5456	3046
5457	3046
5458	3046
5459	3046
5460	3046
5461	3046
5462	3046
5463	3046
5464	3046
5465	3047
5466	3048
5467	3048
5468	3048
5469	3049
5470	3050
5471	3050
5472	3050
5473	3050
5474	3050
5475	3051
5476	3052
5477	3052
5478	3053
5479	3054
5480	3055
5481	3056
5482	3057
5483	3058
5484	3059
5485	3060
5486	3061
5487	3061
5488	3061
5489	3062
5490	3062
5491	3062
5492	3062
5493	3063
5494	3064
5495	3065
5496	3066
5497	3067
5498	3068
5499	3068
5500	3069
5501	3070
5502	3071
5503	3072
5504	3073
5505	3074
5506	3075
5507	3076
5508	3077
5509	3078
5510	3078
5511	3079
5512	3079
5513	3080
5514	3081
5515	3082
5516	3082
5517	3083
5518	3084
5519	3085
5520	3086
5521	3086
5522	3086
5523	3087
5524	3088
5525	3088
5526	3089
5527	3090
5528	3091
5529	3092
5530	3093
5531	3094
5532	3094
5533	3094
5534	3095
5535	3096
5536	3097
5537	3097
5538	3098
5539	3098
5540	3099
5541	3100
5542	3101
5543	3101
5544	3101
5545	3102
5546	3103
5547	3104
5548	3105
5549	3105
5550	3106
5551	3106
5552	3106
5553	3107
5554	3108
5555	3109
5556	3110
5557	3111
5558	3112
5559	3113
5560	3114
5561	3115
5562	3116
5563	3116
5564	3117
5565	3118
5566	3119
5567	3120
5568	3121
5569	3122
5570	3123
5571	3124
5572	3125
5573	3126
5574	3126
5575	3126
5576	3126
5577	3127
5578	3127
5579	3127
5580	3128
5581	3129
5582	3130
5583	3130
5584	3131
5585	3131
5586	3132
5587	3133
5588	3133
5589	3133
5590	3134
5591	3134
5592	3135
5593	3136
5594	3136
5595	3136
5596	3136
5597	3136
5598	3136
5599	3136
5600	3137
5601	3138
5602	3139
5603	3140
5604	3141
5605	3142
5606	3143
5607	3144
5608	3144
5609	3145
5610	3146
5611	3147
5612	3148
5613	3149
5614	3150
5615	3151
5616	3152
5617	3152
5618	3153
5619	3154
5620	3155
5621	3156
5622	3157
5623	3158
5624	3159
5625	3160
5626	3161
5627	3161
5628	3162
5629	3162
5630	3163
5631	3164
5632	3164
5633	3165
5634	3166
5635	3167
5636	3167
5637	3168
5638	3168
5639	3169
5640	3170
5641	3171
5642	3172
5643	3172
5644	3173
5645	3174
5646	3175
5647	3176
5648	3177
5649	3178
5650	3179
5651	3179
5652	3180
5653	3180
5654	3181
5655	3181
5656	3181
5657	3181
5658	3181
5659	3181
5660	3181
5661	3181
5662	3181
5663	3181
5664	3181
5665	3181
5666	3181
5667	3181
5668	3182
5669	3183
5670	3183
5671	3184
5672	3185
5673	3186
5674	3187
5675	3188
5676	3188
5677	3189
5678	3190
5679	3191
5680	3192
5681	3193
5682	3194
5683	3195
5684	3196
5685	3197
5686	3198
5687	3199
5688	3200
5689	3201
5690	3202
5691	3203
5692	3204
5693	3205
5694	3206
5695	3207
5696	3208
5697	3208
5698	3209
5699	3209
5700	3210
5701	3211
5702	3212
5703	3213
5704	3214
5705	3215
5706	3216
5707	3217
5708	3217
5709	3218
5710	3218
5711	3218
5712	3218
5713	3219
5714	3220
5715	3220
5716	3219
5717	3219
5718	3221
5719	3222
5720	3223
5721	3224
5722	3224
5723	3225
5724	3226
5725	3226
5726	3226
5727	3226
5728	3227
5729	3228
5730	3228
5731	3229
5732	3230
5733	3231
5734	3232
5735	3233
5736	3234
5737	3235
5738	3236
5739	3237
5740	3238
5741	3239
5742	3239
5743	3240
5744	3240
5745	3241
5746	3242
5747	3242
5748	3243
5749	3243
5750	3243
5751	3243
5752	3244
5753	3245
5754	3246
5755	3246
5756	3247
5757	3247
5758	3248
5759	3249
5760	3250
5761	3251
5762	3252
5763	3253
5764	3254
5765	3255
5766	3256
5767	3256
5768	3257
5769	3257
5770	3257
5771	3257
5772	3258
5773	3259
5774	3260
5775	3261
5776	3262
5777	3263
5778	3264
5779	3265
5780	3266
5781	3267
5782	3268
5783	3269
5784	3270
5785	3270
5786	3271
5787	3272
5788	3273
5789	3274
5790	3275
5791	3276
5792	3277
5793	3278
5794	3279
5795	3280
5796	3281
5797	3282
5798	3283
5799	3283
5800	3284
5801	3285
5802	3286
5803	3286
5804	3286
5805	3287
5806	3288
5807	3289
5808	3290
5809	3291
5810	3292
5811	3293
5812	3294
5813	3295
5814	3296
5815	3297
5816	3297
5817	3298
5818	3299
5819	3299
5820	3300
5821	3301
5822	3301
5823	3302
5824	3303
5825	3304
5826	3304
5827	3305
5828	3306
5829	3307
5830	3308
5831	3309
5832	3309
5833	3310
5834	3311
5835	3312
5836	3313
5837	3314
5838	3315
5839	3316
5840	3317
5841	3318
5842	3319
5843	3320
5844	3321
5845	3322
5846	3323
5847	3324
5848	3325
5849	3326
5850	3326
5851	3327
5852	3328
5853	3329
5854	3330
5855	3331
5856	3332
5857	3333
5858	3334
5859	3335
5860	3336
5861	3336
5862	3337
5863	3337
5864	3338
5865	3339
5866	3340
5867	3341
5868	3342
5869	3343
5870	3344
5871	3345
5872	3345
5873	3346
5874	3346
5875	3347
5876	3348
5877	3349
5878	3350
5879	3351
5880	3351
5881	3351
5882	3352
5883	3353
5884	3351
5885	3352
5886	3353
5887	3354
5888	3355
5889	3355
5890	3356
5891	3356
5892	3356
5893	3357
5894	3358
5895	3359
5896	3360
5897	3361
5898	3361
5899	3362
5900	3362
5901	3363
5902	3364
5903	3365
5904	3365
5905	3366
5906	3367
5907	3368
5908	3369
5909	3370
5910	3371
5911	3372
5912	3373
5913	3374
5914	3375
5915	3376
5916	3377
5917	3378
5918	3378
5919	3379
5920	3380
5921	3381
5922	3382
5923	3382
5924	3383
5925	3384
5926	3385
5927	3386
5928	3387
5929	3388
5930	3389
5931	3390
5932	3391
5933	3392
5934	3393
5935	3394
5936	3395
5937	3396
5938	3396
5939	3397
5940	3398
5941	3399
5942	3400
5943	3401
5944	3402
5945	3398
5946	3400
5947	3402
5948	3403
5949	3404
5950	3403
5951	3402
5952	3405
5953	3406
5954	3407
5955	3408
5956	3409
5957	3406
5958	3401
5959	3405
5960	3398
5961	3402
5962	3410
5963	3407
5964	3411
5965	3411
5966	3412
5967	3413
5968	3414
5969	3414
5970	3415
5971	3415
5972	3416
5973	3417
5974	3418
5975	3419
5976	3420
5977	3421
5978	3421
5979	3421
5980	3422
5981	3423
5982	3424
5983	3425
5984	3426
5985	3427
5986	3428
5987	3429
5988	3430
5989	3431
5990	3432
5991	3433
5992	3434
5993	3435
5994	3436
5995	3437
5996	3438
5997	3438
5998	3439
5999	3440
6000	3440
6001	3441
6002	3442
6003	3442
6004	3443
6005	3444
6006	3445
6007	3446
6008	3447
6009	3448
6010	3449
6011	3450
6012	3451
6013	3452
6014	3453
6015	3454
6016	3454
6017	3454
6018	3455
6019	3456
6020	3457
6021	3458
6022	3459
6023	3460
6024	3460
6025	3461
6026	3461
6027	3462
6028	3463
6029	3464
6030	3465
6031	3466
6032	3467
6033	3468
6034	3469
6035	3470
6036	3471
6037	3472
6038	3473
6039	3474
6040	3474
6041	3474
6042	3474
6043	3475
6044	3476
6045	3477
6046	3478
6047	3479
6048	3480
6049	3481
6050	3482
6051	3483
6052	3483
6053	3484
6054	3484
6055	3484
6056	3484
6057	3485
6058	3486
6059	3486
6060	3487
6061	3488
6062	3489
6063	3489
6064	3490
6065	3491
6066	3492
6067	3493
6068	3494
6069	3494
6070	3495
6071	3496
6072	3497
6073	3498
6074	3499
6075	3500
6076	3501
6077	3502
6078	3503
6079	3504
6080	3505
6081	3506
6082	3507
6083	3508
6084	3509
6085	3510
6086	3511
6087	3511
6088	3512
6089	3513
6090	3514
6091	3514
6092	3514
6093	3514
6094	3514
6095	3515
6096	3516
6097	3517
6098	3518
6099	3519
6100	3520
6101	3521
6102	3522
6103	3523
6104	3524
6105	3524
6106	3525
6107	3526
6108	3527
6109	3528
6110	3529
6111	3530
6112	3530
6113	3531
6114	3532
6115	3533
6116	3533
6117	3534
6118	3535
6119	3536
6120	3537
6121	3538
6122	3539
6123	3539
6124	3540
6125	3541
6126	3542
6127	3543
6128	3544
6129	3545
6130	3546
6131	3547
6132	3547
6133	3548
6134	3549
6135	3550
6136	3551
6137	3552
6138	3553
6139	3554
6140	3555
6141	3556
6142	3557
6143	3558
6144	3559
6145	3560
6146	3561
6147	3562
6148	3563
6149	3564
6150	3565
6151	3566
6152	3567
6153	3568
6154	3569
6155	3570
6156	3571
6157	3572
6158	3573
6159	3574
6160	3574
6161	3575
6162	3576
6163	3576
6164	3577
6165	3578
6166	3579
6167	3580
6168	3580
6169	3581
6170	3582
6171	3583
6172	3584
6173	3585
6174	3586
6175	3587
6176	3588
6177	3589
6178	3590
6179	3590
6180	3591
6181	3592
6182	3593
6183	3594
6184	3595
6185	3596
6186	3597
6187	3598
6188	3599
6189	3600
6190	3600
6191	3600
6192	3601
6193	3601
6194	3602
6195	3603
6196	3604
6197	3604
6198	3605
6199	3606
6200	3607
6201	3608
6202	3609
6203	3610
6204	3611
6205	3612
6206	3612
6207	3613
6208	3614
6209	3615
6210	3615
6211	3616
6212	3617
6213	3617
6214	3618
6215	3619
6216	3620
6217	3621
6218	3622
6219	3623
6220	3624
6221	3625
6222	3626
6223	3627
6224	3628
6225	3629
6226	3629
6227	3630
6228	3630
6229	3630
6230	3631
6231	3632
6232	3633
6233	3633
6234	3634
6235	3635
6236	3636
6237	3637
6238	3638
6239	3639
6240	3640
6241	3641
6242	3641
6243	3642
6244	3643
6245	3644
6246	3645
6247	3646
6248	3647
6249	3648
6250	3649
6251	3650
6252	3650
6253	3651
6254	3651
6255	3651
6256	3652
6257	3653
6258	3654
6259	3655
6260	3656
6261	3656
6262	3657
6263	3658
6264	3659
6265	3660
6266	3661
6267	3662
6268	3663
6269	3664
6270	3665
6271	3665
6272	3666
6273	3667
6274	3668
6275	3669
6276	3670
6277	3670
6278	3670
6279	3671
6280	3672
6281	3673
6282	3674
6283	3675
6284	3676
6285	3677
6286	3678
6287	3678
6288	3679
6289	3680
6290	3681
6291	3682
6292	3683
6293	3684
6294	3685
6295	3686
6296	3687
6297	3688
6298	3689
6299	3690
6300	3691
6301	3692
6302	3693
6303	3694
6304	3694
6305	3695
6306	3696
6307	3696
6308	3697
6309	3698
6310	3699
6311	3700
6312	3701
6313	3702
6314	3703
6315	3704
6316	3705
6317	3706
6318	3707
6319	3708
6320	3709
6321	3710
6322	3711
6323	3712
6324	3713
6325	3713
6326	3714
6327	3715
6328	3716
6329	3717
6330	3717
6331	3717
6332	3718
6333	3719
6334	3720
6335	3721
6336	3721
6337	3722
6338	3723
6339	3723
6340	3724
6341	3725
6342	3726
6343	3727
6344	3728
6345	3729
6346	3730
6347	3731
6348	3732
6349	3733
6350	3734
6351	3734
6352	3735
6353	3736
6354	3737
6355	3738
6356	3739
6357	3740
6358	3741
6359	3742
6360	3743
6361	3744
6362	3744
6363	3745
6364	3746
6365	3747
6366	3748
6367	3749
6368	3750
6369	3751
6370	3751
6371	3751
6372	3752
6373	3753
6374	3754
6375	3754
6376	3754
6377	3755
6378	3755
6379	3756
6380	3757
6381	3757
6382	3758
6383	3759
6384	3759
6385	3760
6386	3760
6387	3761
6388	3762
6389	3763
6390	3763
6391	3764
6392	3765
6393	3766
6394	3767
6395	3768
6396	3769
6397	3770
6398	3771
6399	3772
6400	3773
6401	3774
6402	3775
6403	3776
6404	3777
6405	3777
6406	3777
6407	3778
6408	3779
6409	3780
6410	3781
6411	3782
6412	3783
6413	3784
6414	3785
6415	3786
6416	3787
6417	3787
6418	3787
6419	3788
6420	3789
6421	3790
6422	3791
6423	3791
6424	3792
6425	3793
6426	3794
6427	3795
6428	3796
6429	3797
6430	3798
6431	3799
6432	3800
6433	3801
6434	3802
6435	3803
6436	3804
6437	3805
6438	3806
6439	3807
6440	3808
6441	3809
6442	3810
6443	3811
6444	3812
6445	3813
6446	3814
6447	3815
6448	3815
6449	3816
6450	3816
6451	3817
6452	3818
6453	3819
6454	3820
6455	3821
6456	3822
6457	3823
6458	3824
6459	3825
6460	3826
6461	3827
6462	3828
6463	3829
6464	3830
6465	3831
6466	3832
6467	3833
6468	3834
6469	3835
6470	3836
6471	3837
6472	3838
6473	3839
6474	3840
6475	3841
6476	3842
6477	3843
6478	3843
6479	3844
6480	3845
6481	3846
6482	3847
6483	3848
6484	3849
6485	3850
6486	3851
6487	3852
6488	3853
6489	3854
6490	3855
6491	3856
6492	3857
6493	3858
6494	3859
6495	3859
6496	3860
6497	3861
6498	3862
6499	3863
6500	3864
6501	3865
6502	3866
6503	3867
6504	3868
6505	3869
6506	3870
6507	3871
6508	3872
6509	3873
6510	3874
6511	3875
6512	3876
6513	3877
6514	3878
6515	3879
6516	3880
6517	3881
6518	3882
6519	3883
6520	3884
6521	3885
6522	3886
6523	3887
6524	3888
6525	3889
6526	3890
6527	3891
6528	3891
6529	3892
6530	3893
6531	3894
6532	3895
6533	3896
6534	3897
6535	3898
6536	3899
6537	3900
6538	3901
6539	3902
6540	3903
6541	3904
6542	3905
6543	3905
6544	3906
6545	3907
6546	3908
6547	3909
6548	3910
6549	3911
6550	3912
6551	3913
6552	3914
6553	3915
6554	3916
6555	3917
6556	3918
6557	3919
6558	3920
6559	3921
6560	3922
6561	3923
6562	3924
6563	3924
6564	3925
6565	3926
6566	3927
6567	3928
6568	3929
6569	3930
6570	3931
6571	3932
6572	3933
6573	3934
6574	3935
6575	3936
6576	3937
6577	3937
6578	3937
6579	3938
6580	3939
6581	3940
6582	3941
6583	3942
6584	3943
6585	3944
6586	3945
6587	3946
6588	3947
