Unique_Seq_ID	Mod_Count	Mod_Description	Monoisotopic_Mass
1	0		784.43303
2	0		1053.61819
3	0		1706.8602
4	0		1948.03922
5	0		2680.17369
6	0		1200.65358
7	0		2729.35404
8	0		2022.19888
9	0		1313.62512
10	0		1307.78122
11	0		1715.86238
12	0		885.51709
13	0		1670.85147
14	0		1512.85511
15	0		1085.61204
16	0		3650.83224
17	0		1575.69484
18	0		924.56437
19	0		2456.34599
20	0		2328.25104
21	0		1620.8293
22	0		2036.01351
23	0		3065.51918
24	0		1244.64004
25	0		1607.76465
26	0		1747.76571
27	0		2128.13495
28	0		1803.92669
29	0		1576.78848
30	0		1946.01483
31	0		2855.47106
32	0		1301.68263
33	0		4589.36914
34	0		4298.21086
35	0		3939.02637
36	0		1383.65259
37	0		4453.24731
38	0		919.47629
39	0		1988.9764
40	0		2102.0544
41	0		2015.9799
42	0		2172.05451
43	0		1988.99753
44	1	Plus1Oxy:3	2004.99244
45	0		3727.72045
46	1	Plus1Oxy:37	3743.71537
47	1	Plus1Oxy:13	3743.71537
48	0		1534.77006
49	0		2642.3485
50	0		2486.2474
51	0		2046.09962
52	0		2174.19457
53	0		1083.52363
54	0		2337.11369
55	1	NH3_Loss:1	2320.08715
56	0		2075.11627
57	0		1907.92642
58	0		1218.53387
59	0		1806.89737
60	0		4334.12417
61	0		1519.75176
62	0		4091.00227
63	0		2832.38297
64	0		2556.23559
65	0		3576.7847
66	0		2793.37207
67	0		2921.46703
68	0		2249.10755
69	0		3624.81322
70	1	Plus1Oxy:32	3640.80814
71	0		1577.80486
72	0		3496.71827
73	0		1896.92906
74	0		2021.90377
75	0		1906.05631
76	0		1678.89294
77	0		2153.03881
78	0		1204.64513
79	0		1041.5818
80	0		2187.07346
81	0		2140.03635
82	0		878.381
83	0		1279.66592
84	0		1208.62881
85	0		3113.45514
86	1	Plus1Oxy:6	3129.45005
87	0		2325.10246
88	0		1877.8907
89	0		654.33768
90	0		2256.17827
91	0		1858.93454
92	1	Plus1Oxy:3	1874.92945
93	0		3895.83145
94	0		884.5443
95	0		2530.26306
96	0		2374.16196
97	1	Plus1Oxy:1	2390.15688
98	0		2602.42165
99	0		2730.51661
100	0		2020.04758
101	0		2148.14254
102	0		3102.52565
103	0		887.41369
104	0		2213.93882
105	0		2911.44966
106	0		3067.55076
107	0		2755.34856
108	0		2911.44966
109	1	Plus1Oxy:6	2927.44458
110	1	Plus1Oxy:6	2771.34347
111	0		1776.91177
112	0		1395.74695
113	0		2652.26411
114	0		3094.48168
115	0		3706.68056
116	0		2305.0248
117	0		905.49702
118	0		1326.63766
119	0		1581.80717
120	0		1082.51312
121	0		3850.88005
122	0		1019.57633
123	0		3442.56217
124	0		1152.6026
125	0		2307.97013
126	0		1694.76478
127	1	Plus1Oxy:2	2307.99529
128	0		2292.00037
129	0		2875.43506
130	0		3008.47256
131	0		1083.59639
132	0		982.54872
133	0		869.46466
134	0		2070.14723
135	0		2223.15344
136	0		3462.80332
137	0		904.50177
138	0		762.42755
139	0		758.41738
140	0		3292.73755
141	0		1504.86125
142	0		868.48402
143	0		2072.04
144	0		2032.01656
145	0		1233.73321
146	0		3316.63963
147	0		1452.74595
148	0		1938.02098
149	0		1708.87835
150	0		1465.74523
151	0		2521.27864
152	0		2393.18369
153	0		1534.76016
154	0		2490.2715
155	0		1898.91572
156	0		1446.699
157	0		1058.56074
158	0		780.52212
159	0		624.42102
160	0		624.42102
161	0		624.42102
162	0		2295.22218
163	0		1919.01248
164	0		1252.63121
165	0		3416.78748
166	0		1157.61139
167	0		1004.60181
168	0		1330.75296
169	0		1146.63179
170	0		2761.40203
171	0		2539.22231
172	0		2133.13904
173	0		924.54324
174	0		2020.91995
175	0		1807.79739
176	0		3650.9194
177	0		2200.22145
178	0		1633.79871
179	0		1176.65021
180	0		2819.55841
181	0		2244.25169
182	0		2372.34665
183	0		2119.19279
184	0		1002.53855
185	0		657.40609
186	0		904.40788
187	0		1339.60841
188	0		867.57929
189	0		1790.93011
190	0		2422.2015
191	0		1902.02098
192	0		1885.88455
193	0		1714.75461
194	0		2649.441
195	0		2769.27031
196	0		2925.37141
197	0		884.49669
198	0		783.44901
199	0		1446.67788
200	0		2320.17971
201	0		3542.73498
202	1	Plus1Oxy:7	3558.72989
203	0		2245.12253
204	0		2214.05855
205	0		2029.02143
206	0		1247.68732
207	0		1282.62268
208	0		1870.03115
209	0		1470.7929
210	0		3090.53305
211	0		1649.89223
212	0		1536.73069
213	0		1584.85445
214	0		2467.19868
215	0		2247.26596
216	0		1617.94531
217	0		1991.99516
218	0		3376.66949
219	0		2261.09969
220	0		2934.4663
221	0		1834.90601
222	0		1479.866
223	0		3936.01615
224	0		1264.75025
225	0		2399.13858
226	0		2641.28049
227	0		1950.95085
228	0		2719.41546
229	0		2762.36223
230	0		999.60763
231	0		3115.58647
232	0		1049.53275
233	0		857.52217
234	0		797.46466
235	0		2414.3168
236	0		2488.28081
237	0		1661.81475
238	0		3337.72733
239	0		2503.27395
240	0		2283.19385
241	0		2553.30735
242	0		3419.67646
243	0		2872.47714
244	0		1780.93317
245	0		1125.63932
246	0		1324.77138
247	0		1196.67643
248	0		1223.72371
249	0		1122.67603
250	0		1009.59198
251	0		1802.8798
252	0		2744.32942
253	1	Plus1Oxy:23	2760.32433
254	1	Plus1Oxy:9	2760.32433
255	0		645.34858
256	0		1248.69399
257	0		1490.83187
258	1	Plus1Oxy:11	1506.82679
259	1	NH3_Loss:1	1473.80532
260	0		1117.65351
261	0		863.49385
262	0		2405.20011
263	0		1058.45561
264	0		1257.58767
265	0		1898.99885
266	0		4059.09128
267	0		1074.54192
268	0		2178.10299
269	1	Plus1Oxy:8	2194.0979
270	0		1677.83232
271	0		1764.86434
272	0		2063.07605
273	0		1609.81734
274	0		1218.62439
275	0		1121.57163
276	0		1184.64004
277	0		1085.57163
278	0		2716.40706
279	0		3244.63626
280	0		2104.04758
281	0		2006.99482
282	0		1538.7616
283	0		2545.22903
284	1	Plus1Oxy:18	2561.22395
285	2	Plus1Oxy:16,Plus1Oxy:18	2577.21886
286	0		778.3497
287	0		1312.75362
288	0		900.51023
289	1	Plus1Oxy:1	1328.74854
290	0		1181.71314
291	0		948.52799
292	0		2009.94372
293	0		2387.21788
294	0		1216.59435
295	0		983.60148
296	0		813.49596
297	0		2617.32676
298	0		2905.36499
299	0		3304.73821
300	0		698.32751
301	0		3176.64325
302	0		2624.42126
303	0		2496.32631
304	0		995.59025
305	0		1194.72231
306	0		2751.48393
307	0		3740.01672
308	0		2740.4931
309	0		2612.39814
310	0		826.52759
311	0		1592.88852
312	0		1323.70336
313	0		1813.91691
314	1	NH3_Loss:1	1796.89036
315	0		2966.26971
316	1	Plus1Oxy:19	2578.33852
317	0		2562.34361
318	1	Plus1Oxy:13	2578.33852
319	0		1729.60598
320	0		1184.67643
321	0		1518.74259
322	0		1333.62618
323	0		2618.36242
324	0		3450.73392
325	0		2490.26747
326	1	Plus1Oxy:9	1466.70746
327	0		2283.08404
328	0		1450.71254
329	0		1405.69492
330	0		877.45449
331	0		861.47081
332	0		634.3326
333	0		2470.17251
334	0		1728.78168
335	0		1307.67207
336	0		1121.57163
337	0		3078.59122
338	0		3206.68617
339	0		2079.04244
340	0		1950.94749
341	0		1133.6444
342	0		1005.54945
343	0		891.50652
344	0		977.55453
345	0		864.47047
346	0		1159.59718
347	0		1942.05094
348	0		945.50183
349	0		800.46433
350	0		2529.49015
351	0		2108.11124
352	0		2264.21234
353	0		3258.63665
354	0		2275.16948
355	0		1563.80446
356	1	NH3_Loss:1	1702.87902
357	0		1719.90557
358	0		962.48949
359	1	Plus1Oxy:5	978.48441
360	0		2900.37146
361	0		1786.98281
362	0		1352.73394
363	0		2760.41802
364	0		2561.28595
365	0		1497.87657
366	0		3135.70255
367	0		2454.29646
368	0		1620.82593
369	0		1238.62948
370	0		2422.27024
371	0		2431.29527
372	0		2613.27818
373	0		1612.82084
374	0		1591.75111
375	0		1517.81225
376	0		1318.68019
377	0		2452.12404
378	0		1240.65636
379	0		1055.53994
380	0		1013.52938
381	0		2248.99053
382	0		2107.03735
383	0		845.53743
384	0		808.39012
385	0		1995.95771
386	0		1867.86276
387	0		1648.77659
388	0		3609.65882
389	0		2481.15798
390	0		870.39051
391	0		1111.56952
392	0		923.50758
393	0		1792.93586
394	0		1664.77151
395	0		2898.4663
396	0		1965.0359
397	0		1559.84594
398	0		1177.57672
399	0		1004.49669
400	0		1266.73692
401	0		2044.97006
402	0		2201.07116
403	0		1981.03419
404	0		1753.87082
405	0		1371.68561
406	0		3157.68306
407	1	Plus1Oxy:1	3173.67798
408	0		3491.89861
409	0		1279.74992
410	0		755.41771
411	0		1445.77989
412	0		1235.72371
413	0		1125.62222
414	0		4748.40387
415	0		2463.1838
416	0		2303.23064
417	0		2272.06153
418	0		1625.79833
419	0		847.44393
420	0		1602.81536
421	0		2588.20632
422	0		1173.63529
423	0		1894.99271
424	0		1507.78094
425	0		2303.16526
426	0		1662.80347
427	0		2682.3652
428	0		2573.30841
429	0		2146.09051
430	0		4431.22454
431	0		2275.14183
432	0		1383.73572
433	0		3709.80444
434	0		1186.65569
435	0		3153.56641
436	0		1154.62948
437	0		3293.71233
438	0		1260.65021
439	0		2051.07268
440	0		1260.71896
441	0		1421.75877
442	0		1019.51095
443	0		1596.7208
444	0		2944.39651
445	0		1365.68627
446	0		962.53374
447	0		1002.52329
448	0		2184.05201
449	0		3574.76206
450	0		3203.65599
451	0		3800.01066
452	0		1332.68594
453	0		1840.88422
454	0		2823.44015
455	0		1728.95218
456	0		1882.9498
457	0		1256.71281
458	0		992.5542
459	0		766.38608
460	0		2900.4377
461	0		2291.07789
462	1	Plus1Oxy:1	2916.43262
463	0		2769.39722
464	0		3331.60541
465	0		1123.60254
466	0		1591.80927
467	0		1388.77753
468	0		1161.61416
469	0		1524.87757
470	0		1269.70806
471	0		1368.77647
472	0		1306.77205
473	0		1193.68799
474	0		1526.79396
475	0		2820.37913
476	1	Plus1Oxy:23	2836.37405
477	0		1569.81503
478	0		1413.71393
479	0		2057.93632
480	0		2154.10549
481	0		2310.20659
482	0		964.39262
483	0		1221.54139
484	0		1753.81581
485	0		1625.72086
486	0		1620.83582
487	0		2052.00103
488	0		1766.85734
489	0		3409.63797
490	0		2053.04792
491	0		1837.92094
492	0		1724.83688
493	0		1374.6965
494	0		2880.53438
495	0		2368.20217
496	0		788.41019
497	0		1020.49834
498	0		1107.53036
499	0		1505.75811
500	1	Plus1Oxy:5	1521.75303
501	0		889.45786
502	0		1255.71354
503	0		2167.1061
504	0		1909.96855
505	0		3148.53113
506	0		2992.62319
507	0		3668.87179
508	0		2110.14215
509	1	Plus1Oxy:32	3684.86671
510	0		2340.25824
511	0		2184.15714
512	0		2071.07308
513	0		1073.57566
514	0		960.4916
515	0		889.45449
516	0		1253.73427
517	0		1152.6866
518	0		2739.21213
519	0		1972.84718
520	0		2430.1008
521	0		1699.80525
522	0		1787.88351
523	1	NH3_Loss:1	1000.54153
524	0		889.47312
525	0		742.40471
526	1	Plus1Oxy:7	1033.56299
527	0		2379.17793
528	1	Plus1Oxy:1	2395.17285
529	0		1300.72377
530	0		2983.47731
531	0		1191.64988
532	0		1078.56582
533	0		1809.838
534	0		1307.68732
535	0		1094.56476
536	0		867.43778
537	0		978.50216
538	0		995.41706
539	0		1224.55969
540	0		1380.66731
541	0		1953.05703
542	0		1381.79687
543	0		2265.24397
544	0		2109.14287
545	0		2127.01529
546	0		2180.04837
547	0		960.53922
548	0		861.47081
549	0		1489.7632
550	0		1385.70509
551	0		1294.51755
552	0		1132.61614
553	0		1365.72919
554	0		1449.78267
555	0		2305.10814
556	0		2002.03702
557	0		2677.38224
558	0		1946.98896
559	0		1173.5818
560	0		2980.4163
561	0		2122.10913
562	0		1638.894
563	1	NH3_Loss:1	998.52971
564	0		2209.07038
565	0		1808.84811
566	0		1905.90087
567	0		3702.85998
568	0		2577.25705
569	0		1915.01489
570	0		2702.43903
571	0		3132.57597
572	0		2906.56865
573	0		1604.8746
574	0		1448.7735
575	0		1221.64652
576	0		1108.56246
577	0		3147.47435
578	0		798.4963
579	0		1957.97779
580	0		955.54503
581	0		993.56807
582	0		796.33913
583	0		2452.3073
584	0		2163.20105
585	0		2291.29601
586	0		1523.83068
587	0		1619.71837
588	0		2322.247
589	0		2863.55161
590	0		3124.49378
591	0		1268.72404
592	0		951.55011
593	0		3175.61883
594	0		2182.07677
595	0		2631.36553
596	0		2237.19558
597	0		1232.64341
598	0		1390.65569
599	0		1367.80235
600	0		1199.68732
601	0		2285.13607
602	0		3437.85905
603	0		1734.07665
604	0		883.51267
605	0		1351.81866
606	0		2817.55266
607	0		2381.25896
608	0		1317.70403
609	0		2224.24998
610	0		2352.34493
611	1	Plus1Oxy:21	2240.24489
612	0		831.45238
613	0		1232.71281
614	0		1119.62875
615	0		1036.54403
616	0		820.46941
617	0		3664.96741
618	0		3508.86631
619	0		808.4265
620	0		1621.80994
621	0		933.4807
622	0		1522.74153
623	0		921.44769
624	0		1334.6751
625	0		3339.6774
626	0		981.52832
627	0		2133.03775
628	0		3458.80054
629	0		1999.005
630	0		3209.55153
631	0		2780.36559
632	0		1371.69213
633	0		1233.60967
634	0		2720.42847
635	0		1967.97403
636	0		3516.72401
637	0		1213.6131
638	0		1962.97851
639	0		2112.01965
640	0		2301.19636
641	0		2345.20481
642	0		1108.55863
643	0		1161.59641
644	0		1598.81642
645	0		1305.65642
646	0		1799.88819
647	0		1142.66989
648	0		1731.03339
649	0		1900.06687
650	0		926.55487
651	0		1054.56582
652	0		919.46505
653	0		2022.15126
654	0		1488.79357
655	0		3450.67641
656	0		909.39804
657	0		2106.08186
658	0		774.39454
659	0		1410.73289
660	0		3700.97864
661	0		1954.92127
662	0		4544.15539
663	0		1186.58695
664	0		1762.93653
665	0		1384.75612
666	0		2107.14248
667	0		943.5338
668	0		1346.72272
669	0		2049.02651
670	0		4718.47057
671	0		3516.84624
672	0		2687.45462
673	0		1695.9671
674	0		1289.65027
675	0		1104.65424
676	0		976.55928
677	0		1883.0264
678	0		1075.60254
679	0		2273.19894
680	0		2187.14623
681	0		1953.922
682	0		2312.07486
683	0		4050.88314
684	0		3385.75499
685	0		1767.97297
686	0		1304.6724
687	0		2940.46161
688	0		1024.49775
689	0		1342.67682
690	0		2912.31732
691	0		2636.3195
692	0		3405.80451
693	0		3277.70955
694	0		1409.686
695	0		2018.1047
696	0		2445.26913
697	0		3017.48815
698	0		3464.6213
699	0		3308.5202
700	2	MinusH2O:1,Plus1Oxy:2	2228.11461
701	0		2230.13026
702	0		1929.03188
703	0		851.40246
704	0		3791.98398
705	1	Plus1Oxy:34	3807.9789
706	0		2270.20447
707	0		1539.79008
708	0		3500.77942
709	0		2545.28114
710	0		1347.73975
711	0		1614.86164
712	0		1860.98723
713	0		2118.12477
714	0		1034.52838
715	0		1405.62955
716	0		3242.44271
717	0		990.59356
718	0		3966.95591
719	0		1726.82354
720	1	Plus1Oxy:6	1742.81846
721	1	MinusH2O:1	831.44901
722	0		2057.03881
723	0		1343.6833
724	0		1961.03563
725	0		2011.05261
726	0		2543.14848
727	0		1047.59639
728	0		1204.59885
729	0		1361.62849
730	0		1593.77078
731	0		3472.64503
732	0		2142.11422
733	0		1053.5892
734	0		797.42828
735	0		903.51776
736	0		1678.92933
737	0		1550.83437
738	0		2885.2925
739	0		947.4786
740	0		1170.64955
741	0		1387.67312
742	0		887.55136
743	0		2128.04758
744	0		1562.83437
745	0		1353.75031
746	0		2215.15238
747	0		1752.8464
748	0		2205.32077
749	0		1777.89195
750	0		2101.96993
751	0		1903.11415
752	0		3031.61633
753	0		1073.58689
754	0		1976.04
755	0		1795.84098
756	0		2345.29937
757	0		3025.69629
758	1	Plus1Oxy:12	2656.24127
759	0		2640.24635
760	1	Plus1Oxy:10	2656.24127
761	0		1851.88984
762	0		3276.65614
763	0		3442.67132
764	0		2742.31356
765	0		2543.19406
766	0		1032.56034
767	0		606.33768
768	0		904.46539
769	0		2615.24839
770	0		1904.89439
771	0		3511.86731
772	0		1785.83213
773	0		2572.2882
774	0		1545.7939
775	0		2481.14809
776	0		1444.70984
777	0		3703.87136
778	0		2632.23656
779	0		4409.29923
780	0		3853.01358
781	0		1592.79329
782	0		1720.88825
783	0		2177.17782
784	0		1571.81292
785	0		1708.87183
786	0		2049.08286
787	0		1092.56371
788	0		1881.01412
789	0		1227.6281
790	0		1668.86165
791	0		1472.74701
792	0		792.40173
793	0		3005.49152
794	0		1780.97562
795	0		2858.36111
796	0		979.5338
797	0		1193.71314
798	0		852.54324
799	0		2728.18962
800	0		2295.25723
801	0		1452.82995
802	0		3320.70981
803	0		1826.85418
804	0		2378.15217
805	0		2548.29541
806	0		1617.82895
807	0		1281.60967
808	0		1125.65055
809	0		1572.8293
810	0		1416.72819
811	0		2252.21234
812	0		1225.72813
813	0		3612.70494
814	0		2768.40198
815	0		1676.95727
816	0		3319.81382
817	0		2307.23341
818	0		1752.92703
819	0		1653.85862
820	0		1596.83716
821	0		1521.76741
822	0		2422.12087
823	0		2139.08469
824	0		1873.94609
825	0		2208.28405
826	0		2052.18295
827	0		1634.86673
828	0		2965.63092
829	0		1583.82684
830	0		1914.08252
831	0		2059.06971
832	0		2780.17352
833	0		2121.02988
834	0		916.47662
835	0		1891.17569
836	0		2495.31177
837	0		3067.67047
838	0		2287.01358
839	0		1511.79832
840	0		2007.00606
841	0		1499.72958
842	0		636.32712
843	0		1782.03037
844	0		1664.87729
845	0		2624.31211
846	0		1395.73572
847	0		1094.68112
848	0		1865.8981
849	0		2680.18492
850	0		1591.80275
851	0		1688.87797
852	0		2938.55511
853	0		1488.83398
854	0		2457.18513
855	1	NH3_Loss:1	2440.15858
856	0		1212.68257
857	0		2207.04621
858	0		2512.27428
859	0		1817.86911
860	0		1742.83306
861	0		2010.11085
862	0		2964.45171
863	0		2900.48782
864	0		2075.04216
865	0		2675.35939
866	0		2244.10253
867	0		906.46665
868	0		1448.83504
869	0		1414.77071
870	0		1844.92675
871	0		1101.56742
872	0		1920.96142
873	0		1636.83476
874	0		2848.42503
875	0		1133.60802
876	0		1981.04792
877	0		1934.03999
878	0		1012.6069
879	0		1099.63892
880	0		1490.71869
881	0		1866.95151
882	0		2353.25031
883	0		1182.60663
884	0		2177.26701
885	0		3108.64537
886	0		2020.04758
887	1	Plus1Oxy:21	2402.2474
888	0		2386.25249
889	0		2464.30683
890	0		1806.95488
891	0		1253.69789
892	0		1480.86125
893	0		1489.74457
894	0		1880.09817
895	0		1369.70884
896	0		2130.20877
897	0		1456.79251
898	0		3911.97275
899	0		2757.30286
900	0		3279.6558
901	0		1191.61349
902	0		2578.13594
903	0		2959.38342
904	0		1476.76458
905	0		1028.57532
906	0		1129.623
907	0		1372.75612
908	0		1672.79906
909	0		1459.67649
910	0		2495.11275
911	0		1885.08833
912	0		1649.7797
913	0		1801.02092
914	0		851.39593
915	0		1864.91658
916	0		3066.62491
917	0		1268.70878
918	0		1737.0188
919	0		1753.88858
920	0		1989.10465
921	0		1761.96644
922	0		2204.0596
923	0		2981.50341
924	0		1377.74042
925	0		1547.80955
926	0		2392.24258
927	0		1718.88785
928	0		1526.83437
929	0		2858.39815
930	0		1384.77138
931	0		2341.17754
932	0		1617.83616
933	0		3278.53661
934	0		2045.04417
935	0		1680.98856
936	0		1552.89361
937	0		1490.76497
938	0		1442.77283
939	0		2052.01313
940	0		1876.92397
941	0		2154.09559
942	0		1041.56405
943	0		1315.69175
944	0		1855.85873
945	0		1980.9978
946	1	NH3_Loss:1	1963.97125
947	0		2406.22522
948	0		2278.13026
949	0		1906.91591
950	0		851.41771
951	0		1379.78842
952	0		2533.18525
953	0		1381.82923
954	0		904.41125
955	0		2589.2921
956	0		1374.64552
957	0		1275.57711
958	0		1561.8351
959	0		1340.7663
960	0		1632.88344
961	0		1007.49233
962	0		2117.0487
963	0		3651.68329
964	0		2048.01148
965	0		1847.90126
966	0		1191.58834
967	0		2881.42939
968	0		1232.64004
969	0		805.40101
970	0		2887.25803
971	0		3281.55153
972	0		3010.42349
973	0		1533.79257
974	0		1305.66765
975	0		1139.56444
976	0		1235.68732
977	0		1292.56412
978	0		736.37552
979	0		1025.47524
980	0		2342.1463
981	0		707.34897
982	0		1957.04205
983	0		3487.71993
984	0		1390.72443
985	0		1120.58041
986	0		1691.81139
987	0		1514.72522
988	0		1211.62981
989	0		1644.79291
990	0		4221.23663
991	0		1385.62512
992	0		1584.75718
993	0		2659.35055
994	0		2503.24945
995	0		1227.70739
996	0		3729.92118
997	0		1862.86454
998	0		1508.84627
999	0		686.39625
1000	0		2062.06938
1001	0		1933.97442
1002	0		1805.87947
1003	0		3935.92965
1004	0		3106.48168
1005	0		3779.82855
1006	0		2945.42278
1007	0		3101.52388
1008	0		1804.96822
1009	0		1825.0672
1010	0		1259.70845
1011	0		1427.74081
1012	0		1576.79971
1013	0		1608.81469
1014	0		1355.72958
1015	0		1067.67022
1016	0		1378.68805
1017	0		4222.06924
1018	0		3101.52791
1019	0		2180.07823
1020	0		1692.76305
1021	0		3541.7357
1022	0		3171.53925
1023	0		1168.65636
1024	0		2987.41874
1025	0		1387.71288
1026	0		1926.89201
1027	0		2618.34916
1028	0		1757.93111
1029	0		878.42861
1030	0		3026.49251
1031	0		2508.36989
1032	0		1298.62229
1033	0		750.39117
1034	0		991.57018
1035	0		2264.18988
1036	0		1435.66776
1037	0		1859.02506
1038	0		3298.81215
1039	0		1457.79765
1040	0		1672.87115
1041	0		1075.60254
1042	0		2380.21743
1043	0		2127.0968
1044	0		2045.09045
1045	0		3014.52756
1046	0		1779.92938
1047	0		1252.60874
1048	0		1807.92498
1049	0		2396.22311
1050	0		1953.02065
1051	0		1675.90317
1052	0		1437.81905
1053	0		2167.18876
1054	0		1975.93084
1055	0		1460.72588
1056	0		2406.2591
1057	0		2651.35623
1058	0		1154.56074
1059	0		1562.79799
1060	0		1777.94022
1061	0		3441.66281
1062	0		1114.63859
1063	0		1681.73315
1064	0		1446.867
1065	0		1196.64004
1066	0		1465.8252
1067	0		1352.74114
1068	0		1056.58147
1069	0		1341.72516
1070	0		2327.22343
1071	0		1653.82829
1072	0		2419.25282
1073	0		1855.92748
1074	0		3089.49805
1075	0		1691.81879
1076	0		1388.74114
1077	0		2213.10755
1078	0		1380.68844
1079	0		1438.72041
1080	0		1441.70884
1081	0		2685.40462
1082	0		1926.89584
1083	0		1312.70264
1084	0		1700.87729
1085	0		2409.21749
1086	0		1443.79726
1087	0		1888.0087
1088	0		1368.77647
1089	0		2480.22944
1090	0		1971.02534
1091	0		2242.12689
1092	1	NH3_Loss:1	1896.94029
1093	0		1913.96684
1094	0		2195.12214
1095	0		1937.9846
1096	0		1495.83576
1097	0		1875.99946
1098	0		1086.64705
1099	0		2305.03266
1100	0		2844.32948
1101	0		1056.46645
1102	0		2541.15997
1103	0		2066.98493
1104	0		1763.81542
1105	0		1805.8736
1106	0		1658.80519
1107	0		1093.57672
1108	0		837.42319
1109	0		1083.55598
1110	0		1370.70812
1111	0		1336.72377
1112	0		1370.7445
1113	0		2204.13976
1114	0		1485.81503
1115	0		2193.20778
1116	0		2192.12584
1117	0		1637.86237
1118	0		1640.91368
1119	0		955.55242
1120	0		3018.51998
1121	0		1594.74088
1122	0		1119.55598
1123	0		1048.51887
1124	0		1302.7039
1125	0		3402.67391
1126	0		1863.95119
1127	0		1256.69755
1128	0		2296.03167
1129	0		1424.80605
1130	0		1245.69683
1131	0		1458.81939
1132	0		2831.434
1133	0		2131.13125
1134	0		1403.72958
1135	0		845.41052
1136	0		2509.26002
1137	0		2381.16506
1138	0		1892.9665
1139	0		1646.92424
1140	0		1455.78334
1141	0		2564.35972
1142	0		984.56034
1143	0		2722.38595
1144	0		2186.07552
1145	0		3735.83872
1146	0		1838.86204
1147	0		2364.15964
1148	0		1182.59203
1149	0		1373.73764
1150	0		1708.9035
1151	0		1855.85623
1152	0		1613.7797
1153	0		2002.02713
1154	0		1758.894
1155	0		1372.80777
1156	0		1654.81365
1157	0		846.32177
1158	0		1529.68983
1159	0		3003.55517
1160	0		2121.18328
1161	0		1993.08833
1162	0		3024.59776
1163	0		2753.43467
1164	0		1557.84018
1165	0		1965.97548
1166	0		4265.1126
1167	0		1692.83582
1168	0		1577.86639
1169	0		1279.66592
1170	0		2245.07625
1171	0		928.53413
1172	0		1269.69683
1173	0		2155.07558
1174	0		1954.99588
1175	0		1721.95626
1176	0		1522.8242
1177	0		1335.66698
1178	0		1762.86126
1179	0		883.40754
1180	0		2038.0231
1181	0		844.48065
1182	0		1626.82863
1183	0		1454.76563
1184	0		1326.67067
1185	0		1786.93269
1186	0		1658.83774
1187	0		1395.74714
1188	0		1823.00144
1189	0		788.41019
1190	0		1096.58175
1191	0		2492.24336
1192	0		1836.9329
1193	1	NH3_Loss:1	1819.90635
1194	0		992.5542
1195	0		2497.3063
1196	0		1476.74595
1197	0		1735.88139
1198	0		1928.9665
1199	0		1277.63635
1200	0		1502.74047
1201	0		1147.61244
1202	0		890.47489
1203	0		2529.359
1204	0		935.50758
1205	0		2382.15647
1206	0		2671.32743
1207	0		1508.75104
1208	0		2350.24325
1209	0		1448.65714
1210	0		930.55381
1211	0		2358.18143
1212	0		2352.21465
1213	0		1697.8736
1214	0		2015.10504
1215	0		2209.08365
1216	0		1679.87043
1217	0		1737.85326
1218	0		2547.26041
1219	0		1785.9049
1220	0		4438.20942
1221	0		2201.19155
1222	0		1618.87181
1223	0		2290.99389
1224	0		2332.09302
1225	0		976.59567
1226	0		1171.59468
1227	0		1391.72305
1228	0		985.49808
1229	0		1724.95593
1230	0		1273.70297
1231	0		2559.27367
1232	0		2715.37477
1233	0		3551.80674
1234	0		2622.39035
1235	0		1483.77825
1236	0		1087.61244
1237	0		1330.74556
1238	0		1130.62948
1239	0		1439.69319
1240	0		1900.98935
1241	0		1407.72449
1242	0		1283.63318
1243	0		931.41091
1244	0		1544.82315
1245	0		1428.76458
1246	0		1655.90279
1247	0		895.54905
1248	0		1864.94576
1249	0		2134.13092
1250	0		1134.5954
1251	0		1153.58074
1252	0		1409.77066
1253	0		1281.6757
1254	0		1225.64949
1255	0		1632.75718
1256	0		2673.42238
1257	0		2417.26885
1258	0		1327.652
1259	0		1896.0468
1260	0		1454.73461
1261	0		1210.65972
1262	0		2346.22185
1263	0		2218.12689
1264	0		2759.39577
1265	0		2340.17892
1266	0		2054.96967
1267	0		1620.79628
1268	0		2285.18638
1269	0		2349.18646
1270	0		1620.87354
1271	0		2255.1374
1272	0		1406.78809
1273	0		963.50989
1274	0		2517.44906
1275	0		1514.67444
1276	0		2620.47263
1277	0		1636.91474
1278	0		2285.25309
1279	0		2782.39921
1280	0		1911.92133
1281	0		1251.68224
1282	0		2273.04218
1283	0		1885.98968
1284	0		1642.8143
1285	0		2195.04937
1286	0		2481.2651
1287	0		2911.53769
1288	0		2959.45619
1289	0		1104.58147
1290	0		2654.1951
1291	0		2582.3577
1292	0		2426.2566
1293	0		1188.65021
1294	0		2617.28451
1295	0		1598.79396
1296	0		1354.76082
1297	0		900.47047
1298	0		2990.59381
1299	0		1434.74662
1300	0		1221.62406
1301	0		2375.28094
1302	0		991.49741
1303	0		1525.75243
1304	0		2726.38152
1305	0		2713.33865
1306	0		1801.03484
1307	0		1302.71829
1308	0		726.33366
1309	0		2422.2855
1310	0		2416.22732
1311	0		1538.80922
1312	0		2032.09923
1313	0		1305.6928
1314	0		1291.7023
1315	0		2425.18025
1316	0		853.53849
1317	0		697.43739
1318	0		1337.602
1319	0		4273.1947
1320	1	Plus1Oxy:38	4289.18961
1321	0		2918.42398
1322	0		1668.83266
1323	0		2035.06251
1324	0		2614.33246
1325	0		2128.11383
1326	0		2166.11422
1327	0		1753.91104
1328	0		2271.13434
1329	0		2240.18738
1330	0		1629.88377
1331	0		2492.28782
1332	0		2249.1547
1333	0		1463.8347
1334	0		2105.03247
1335	0		3151.60357
1336	0		1466.78809
1337	0		1274.6506
1338	0		2126.15906
1339	0		1613.88886
1340	0		2572.24127
1341	0		942.54978
1342	0		3491.85635
1343	0		2524.27091
1344	0		1567.87215
1345	0		1446.7136
1346	0		1326.73941
1347	0		1146.62842
1348	0		1101.53821
1349	0		1167.64988
1350	0		1849.90905
1351	0		2973.38131
1352	0		1124.59779
1353	0		2436.14841
1354	0		1835.99919
1355	0		1197.67167
1356	0		2377.13713
1357	0		1053.67973
1358	0		1214.5641
1359	0		3285.76073
1360	0		2674.38527
1361	0		863.49048
1362	0		1599.83364
1363	0		1123.60657
1364	0		728.4432
1365	0		1559.73678
1366	0		1095.52699
1367	0		1350.6965
1368	0		778.42247
1369	0		1033.55559
1370	0		1246.67815
1371	0		2197.032
1372	0		1360.76015
1373	0		1488.71294
1374	0		1821.83887
1375	1	Plus1Oxy:4	1254.71176
1376	0		1238.71685
1377	0		928.54153
1378	0		1139.64844
1379	0		1285.68771
1380	0		2080.16797
1381	0		1045.58074
1382	0		804.40173
1383	0		1327.77105
1384	1	MinusH2O:1	1309.76048
1385	0		1199.67609
1386	0		2237.26298
1387	0		1987.96002
1388	0		1300.75025
1389	0		1951.98988
1390	0		1542.721
1391	0		4544.24975
1392	0		2616.31238
1393	0		2425.10727
1394	0		1102.61344
1395	0		1924.96036
1396	0		2165.19424
1397	0		1693.97258
1398	0		1829.94234
1399	0		1682.87393
1400	0		1718.8773
1401	0		1229.64374
1402	0		2031.11521
1403	0		1196.68766
1404	0		1425.67754
1405	0		2612.25862
1406	0		1161.62156
1407	0		1557.86131
1408	0		2359.19463
1409	0		3453.56105
1410	0		1367.77719
1411	0		1210.55393
1412	0		805.37585
1413	0		3347.62048
1414	0		2048.95059
1415	0		1920.85563
1416	0		1255.71354
1417	0		1014.53452
1418	0		1892.96313
1419	0		943.5338
1420	0		816.45924
1421	0		1544.79329
1422	0		2313.15211
1423	0		2731.39147
1424	0		1970.05842
1425	0		2666.27639
1426	0		2265.20441
1427	0		2137.10946
1428	0		1997.19577
1429	0		1564.73031
1430	0		2810.3584
1431	0		1552.79185
1432	0		3780.80133
1433	0		1144.624
1434	0		3645.81606
1435	0		3607.73253
1436	0		1295.69855
1437	0		1366.73566
1438	0		1167.6036
1439	0		4535.4711
1440	0		4879.64066
1441	0		753.36971
1442	0		727.4228
1443	0		1862.96247
1444	0		1748.83688
1445	0		2266.02513
1446	0		1645.84633
1447	0		2624.26583
1448	0		2146.04039
1449	0		1219.64479
1450	0		2626.24846
1451	0		4037.1624
1452	0		1200.72298
1453	0		959.54397
1454	0		924.5756
1455	0		1464.7208
1456	0		1592.81575
1457	0		1274.6506
1458	0		2934.38567
1459	0		2552.31211
1460	0		2424.21715
1461	0		2279.27891
1462	0		2151.18395
1463	0		1406.77686
1464	0		2099.0435
1465	0		1620.83332
1466	0		2903.54652
1467	0		1001.5579
1468	0		2139.2336
1469	0		1155.68626
1470	0		1683.84269
1471	0		1239.63933
1472	0		3198.62042
1473	0		2363.23803
1474	0		1358.75573
1475	0		3306.63415
1476	0		2933.35404
1477	0		1845.99477
1478	0		1402.69794
1479	0		854.42861
1480	0		1650.81873
1481	0		923.45007
1482	0		1472.80605
1483	0		1173.58517
1484	0		3015.54144
1485	0		1535.86706
1486	0		1953.02065
1487	0		1874.00494
1488	0		2848.40325
1489	0		2105.15199
1490	0		1473.79257
1491	0		2528.3718
1492	0		1268.71684
1493	0		3136.51001
1494	0		1813.99708
1495	0		1310.67173
1496	0		1098.63965
1497	0		1093.60187
1498	0		2685.40078
1499	0		3364.67555
1500	0		1231.65939
1501	0		1323.59758
1502	0		1608.74127
1503	0		1721.82533
1504	0		2716.29073
1505	0		1674.77698
1506	0		1937.95542
1507	0		2735.46386
1508	0		1359.68158
1509	0		3213.73373
1510	0		2499.38482
1511	0		1992.10431
1512	0		1986.09375
1513	0		2065.13931
1514	0		1724.92828
1515	0		958.43641
1516	0		1015.45787
1517	0		1458.84454
1518	0		3287.57083
1519	0		1222.54741
1520	0		2814.46094
1521	0		1402.78194
1522	0		1245.67504
1523	0		1114.63456
1524	0		1452.79357
1525	0		3292.73016
1526	0		2599.27395
1527	0		1285.78697
1528	1	Plus1Oxy:12	3154.6232
1529	0		3138.62828
1530	0		1517.78373
1531	0		2612.32334
1532	0		1685.90212
1533	1	Plus1Oxy:14	1701.89704
1534	0		2351.16526
1535	0		1424.67577
1536	0		1963.91374
1537	0		1294.65906
1538	0		1851.95771
1539	0		1688.86203
1540	0		2044.06284
1541	0		2954.54466
1542	0		2824.3078
1543	0		2234.25208
1544	0		2129.13673
1545	0		2092.00467
1546	0		1864.00533
1547	0		1001.5579
1548	0		1579.89327
1549	0		1816.00936
1550	0		1487.74668
1551	0		4059.03357
1552	0		1289.64711
1553	0		2795.50427
1554	0		2538.30048
1555	0		1512.7208
1556	0		1694.93884
1557	0		2295.0993
1558	0		2026.07091
1559	0		3477.71246
1560	0		984.5756
1561	0		1622.87796
1562	0		872.44254
1563	0		771.41263
1564	0		1074.58214
1565	0		1245.63529
1566	0		1100.65933
1567	0		1256.76043
1568	0		1999.08363
1569	0		1066.50831
1570	0		3351.62529
1571	0		2523.2532
1572	0		1706.82632
1573	0		2847.46933
1574	0		1034.50322
1575	0		2769.39472
1576	0		2527.25685
1577	1	Plus1Oxy:17	2785.38964
1578	0		1772.89842
1579	0		843.41263
1580	0		1205.60399
1581	0		3162.60582
1582	0		3034.51086
1583	0		1976.01014
1584	0		2649.46347
1585	0		2254.15925
1586	0		2183.18368
1587	0		1885.0672
1588	0		2102.11057
1589	0		1340.69353
1590	0		3018.42926
1591	0		1278.64302
1592	0		1705.78367
1593	0		1976.01148
1594	0		3397.76891
1595	0		2413.27527
1596	0		1132.58762
1597	0		1176.67537
1598	0		3594.84375
1599	0		1073.57163
1600	0		3023.56362
1601	0		1686.81807
1602	0		1383.81972
1603	0		1372.71974
1604	0		1638.86885
1605	0		2283.23744
1606	0		1921.00566
1607	0		2103.06827
1608	0		2469.22335
1609	0		2677.22634
1610	0		1566.81153
1611	0		1330.73433
1612	0		1565.7725
1613	0		3154.48889
1614	0		2255.20883
1615	0		1366.7132
1616	0		2777.31178
1617	0		2372.33542
1618	0		2747.26734
1619	0		818.41738
1620	0		1549.85035
1621	0		998.57599
1622	0		829.38708
1623	0		3481.77811
1624	0		2429.22257
1625	0		1327.74992
1626	0		2173.96254
1627	0		2131.11349
1628	0		2109.15813
1629	0		1914.00322
1630	0		1506.80413
1631	0		1663.84163
1632	0		3015.60278
1633	0		3786.98439
1634	0		2090.06766
1635	0		863.42108
1636	0		1354.76035
1637	0		2461.24429
1638	0		1631.80756
1639	0		1203.72265
1640	0		2325.164
1641	0		2210.04904
1642	0		2061.17676
1643	0		1242.71829
1644	0		2636.36263
1645	0		2508.26767
1646	0		2676.47369
1647	0		1654.88641
1648	0		2429.30524
1649	0		2289.17523
1650	0		2188.12353
1651	0		3025.65588
1652	0		2024.11527
1653	0		1222.70331
1654	0		3299.66809
1655	0		2400.23175
1656	0		3674.80238
1657	0		2971.48874
1658	0		1387.73064
1659	0		2360.13574
1660	0		2430.31911
1661	0		1901.9846
1662	0		1393.86561
1663	0		1966.09856
1664	0		1958.04719
1665	0		1035.55011
1666	0		1666.8314
1667	0		1767.87908
1668	0		2591.33377
1669	1	Plus1Oxy:15	2607.32868
1670	0		3273.57228
1671	0		1079.54331
1672	0		1441.78498
1673	0		2504.26449
1674	0		793.39698
1675	0		1629.89367
1676	0		922.45819
1677	0		849.45958
1678	0		3031.56468
1679	0		1425.81905
1680	0		3320.62062
1681	0		1586.7762
1682	0		2229.99595
1683	0		1415.80235
1684	0		2281.37722
1685	0		3543.76527
1686	0		881.56979
1687	0		1011.60763
1688	0		853.56364
1689	0		1218.6648
1690	0		1333.68771
1691	0		930.46578
1692	0		830.47489
1693	0		1059.5025
1694	0		784.33913
1695	0		598.27509
1696	0		2241.08536
1697	0		2369.18032
1698	0		2041.98968
1699	0		3049.46222
1700	0		2838.3922
1701	0		1983.95706
1702	0		1781.98862
1703	0		2223.07704
1704	0		3465.61657
1705	0		2510.23617
1706	0		2239.14115
1707	0		1503.77548
1708	0		1398.68864
1709	0		822.43092
1710	0		1578.84388
1711	0		1674.80347
1712	0		1460.76564
1713	0		1130.56476
1714	0		1713.79977
1715	0		1730.90496
1716	0		1555.86092
1717	0		1609.7583
1718	0		2086.05948
1719	0		1602.80413
1720	0		915.53888
1721	0		1402.77071
1722	0		2561.30458
1723	0		2427.32597
1724	0		2083.13125
1725	0		2665.44378
1726	0		4309.29559
1727	0		2424.22838
1728	0		2743.46155
1729	0		2565.23143
1730	0		1885.9533
1731	0		2335.30849
1732	0		2021.01768
1733	0		849.45958
1734	0		1793.79297
1735	0		2202.1605
1736	0		1863.96895
1737	0		2260.1197
1738	0		1725.80698
1739	0		1876.94173
1740	0		1924.04172
1741	0		1672.9255
1742	0		2469.34124
1743	0		4684.42085
1744	0		3591.87174
1745	0		720.3806
1746	0		2836.40304
1747	0		2378.12115
1748	0		3845.93953
1749	0		3420.73075
1750	0		2580.32948
1751	0		2452.23453
1752	0		2139.06944
1753	0		1960.02646
1754	0		2734.45401
1755	0		792.43812
1756	0		1092.58147
1757	0		1581.83616
1758	0		1841.99199
1759	0		3326.79717
1760	0		1881.02065
1761	0		2017.94543
1762	0		1811.02996
1763	0		2270.23096
1764	0		1426.8143
1765	0		2103.13231
1766	0		1818.94749
1767	0		2127.06357
1768	0		2455.20184
1769	0		1100.61891
1770	0		3313.75162
1771	0		2623.21194
1772	0		1856.97437
1773	0		1585.84633
1774	0		1385.73024
1775	0		1217.64038
1776	0		1143.62875
1777	0		907.49491
1778	0		1534.75143
1779	0		2201.15919
1780	0		1353.66765
1781	0		3056.53544
1782	0		3015.61402
1783	0		3395.72495
1784	0		2908.47852
1785	0		3078.44636
1786	0		1624.84599
1787	0		1906.93924
1788	0		1434.81939
1789	0		1264.71387
1790	0		1303.68838
1791	0		955.47965
1792	0		4908.27321
1793	0		2162.04904
1794	0		2272.15205
1795	1	Plus1Oxy:17	2288.14697
1796	0		2030.97304
1797	0		1173.64269
1798	0		1072.59501
1799	0		1024.47126
1800	0		1152.56621
1801	0		801.43845
1802	0		1862.96247
1803	0		1433.77652
1804	0		1362.73941
1805	0		1497.73505
1806	0		1752.90456
1807	0		1323.71862
1808	0		1068.54911
1809	0		1228.65973
1810	0		1843.00902
1811	0		1321.72813
1812	0		1667.84057
1813	0		1332.66731
1814	0		1712.9348
1815	0		1822.88355
1816	0		4469.315
1817	0		2282.2058
1818	0		1343.70845
1819	0		904.46539
1820	0		1089.5818
1821	0		1301.59613
1822	0		1200.54846
1823	0		1166.70225
1824	0		1703.84057
1825	0		2029.0942
1826	0		1234.61931
1827	0		1526.80519
1828	0		2325.0946
1829	0		2263.16295
1830	0		805.46975
1831	0		1965.03927
1832	0		2765.43869
1833	0		1742.96783
1834	0		1918.97813
1835	0		3995.24574
1836	0		1591.95481
1837	0		1893.0359
1838	0		2140.22548
1839	0		2431.12907
1840	0		1271.5822
1841	0		1668.82056
1842	0		2122.92312
1843	0		2043.94966
1844	0		3699.93512
1845	0		1329.76557
1846	0		1072.62803
1847	0		2654.27976
1848	0		2242.15925
1849	0		2383.11197
1850	0		1299.62473
1851	0		934.49121
1852	0		1300.67749
1853	0		1084.60287
1854	0		959.49233
1855	0		1546.72965
1856	1	Plus1Oxy:3	1562.72456
1857	0		1928.98763
1858	0		1976.95911
1859	0		1863.03524
1860	0		2739.25504
1861	0		1802.91619
1862	0		1361.73764
1863	0		1939.99238
1864	0		2420.20785
1865	0		1711.9144
1866	0		2342.15351
1867	0		2476.22732
1868	0		4126.10832
1869	0		3578.86189
1870	0		3958.06204
1871	0		2031.12241
1872	0		1007.5651
1873	0		2201.18032
1874	0		1273.63357
1875	0		797.39592
1876	0		2162.9908
1877	0		2468.2692
1878	0		2054.08292
1879	0		860.44254
1880	0		1606.78915
1881	0		1583.83405
1882	0		2723.30908
1883	1	Plus1Oxy:31	3857.95479
1884	0		3841.95988
1885	0		1120.58762
1886	0		3040.48504
1887	0		1045.60187
1888	0		3403.77678
1889	0		2830.47514
1890	0		1525.72681
1891	0		1752.86502
1892	0		2355.31561
1893	0		2483.41056
1894	0		1179.72265
1895	0		1953.97951
1896	0		1820.96716
1897	0		1389.83834
1898	0		1133.64843
1899	0		1963.09639
1900	0		2659.34269
1901	0		1481.7626
1902	0		2213.11448
1903	0		2369.21558
1904	0		1686.87961
1905	0		1559.87043
1906	0		2207.10438
1907	0		2573.30121
1908	0		4524.29116
1909	0		2923.47144
1910	0		2489.30121
1911	0		2488.32056
1912	0		2212.18104
1913	0		3072.55148
1914	0		2739.3714
1915	0		4301.08046
1916	0		2531.17834
1917	0		1679.87427
1918	0		2830.44998
1919	0		1437.80782
1920	0		1823.99919
1921	0		1586.84158
1922	0		2970.5748
1923	1	Plus1Oxy:2	2986.56971
1924	0		2265.21162
1925	0		2305.18475
1926	0		2063.04687
1927	0		2776.26826
1928	0		3207.79931
1929	0		1840.00686
1930	0		2858.47995
1931	0		3568.8762
1932	0		1317.62406
1933	0		1895.0363
1934	0		1375.67649
1935	0		1156.64513
1936	0		2469.22422
1937	0		1463.71519
1938	0		2483.3998
1939	0		1024.53413
1940	0		2810.46016
1941	0		1501.78095
1942	0		582.37407
1943	0		582.37407
1944	0		3247.61031
1945	0		1347.70336
1946	0		1422.7904
1947	0		1080.62909
1948	0		2261.14393
1949	0		1920.99443
1950	0		1264.65502
1951	0		1622.77084
1952	0		944.53644
1953	0		1410.783
1954	0		1183.61964
1955	0		1013.51412
1956	0		746.39625
1957	0		803.41771
1958	0		1183.71756
1959	0		692.34931
1960	0		1442.7616
1961	0		1534.89697
1962	0		3619.70268
1963	0		2157.01596
1964	0		1881.99477
1965	0		908.60584
1966	0		2619.39808
1967	0		1106.59712
1968	0		2549.32321
1969	0		1142.65463
1970	0		1074.57091
1971	0		961.48685
1972	0		2870.50375
1973	0		916.513
1974	0		2876.34718
1975	0		1882.9424
1976	0		1015.59131
1977	0		1015.55492
1978	0		2872.55194
1979	0		2369.30274
1980	0		2342.17616
1981	0		1553.82011
1982	0		1086.60077
1983	0		1965.10465
1984	0		1847.97403
1985	0		1304.70878
1986	0		1008.63311
1987	0		782.465
1988	0		2583.24602
1989	0		2013.11791
1990	0		2354.28781
1991	0		1020.53922
1992	0		3089.57802
1993	0		1949.01047
1994	0		1143.64988
1995	0		1857.94063
1996	1	Plus1Oxy:3	1873.93554
1997	0		1701.83952
1998	0		1657.86093
1999	0		1414.6438
2000	0		1124.5614
2001	0		1011.47735
2002	0		4465.20756
2003	0		2338.2015
2004	0		1838.91485
2005	0		2230.08398
2006	0		2166.20475
2007	0		3368.60602
2008	0		3568.88156
2009	0		2099.13337
2010	0		1719.95587
2011	0		2758.37741
2012	0		1730.89843
2013	0		925.49088
2014	0		1722.82057
2015	0		2412.11137
2016	0		4047.36103
2017	0		1290.69313
2018	0		1075.56616
2019	0		2813.41557
2020	0		2556.27803
2021	0		2321.15383
2022	0		1567.78412
2023	0		1176.64235
2024	0		2127.05954
2025	0		929.49702
2026	0		2174.18468
2027	0		2963.5425
2028	0		921.51709
2029	0		1447.69559
2030	0		4059.07869
2031	0		3862.97931
2032	0		1488.72482
2033	0		1622.75757
2034	0		2123.97587
2035	0		1341.70806
2036	0		2302.16914
2037	0		1632.87221
2038	0		2115.04831
2039	0		2247.1858
2040	0		1043.58622
2041	0		1878.93223
2042	0		1362.71426
2043	0		1762.99404
2044	0		1485.8038
2045	0		2088.10097
2046	0		1237.6131
2047	0		838.44109
2048	0		3192.67523
2049	0		3064.58028
2050	1	Plus1Oxy:14	3080.57519
2051	0		2431.22046
2052	0		762.46394
2053	0		2345.22007
2054	0		2100.02618
2055	0		1769.87226
2056	0		1761.86065
2057	0		1000.63205
2058	0		725.46869
2059	0		872.5371
2060	0		830.52653
2061	0		834.41229
2062	0		1994.05056
2063	0		1073.61204
2064	0		1413.80782
2065	0		1793.00461
2066	0		2555.33174
2067	0		1014.57091
2068	0		1852.02798
2069	0		2241.20039
2070	0		2301.20125
2071	0		2684.41274
2072	0		3153.68499
2073	1	Plus1Oxy:28	3169.67991
2074	0		1590.85512
2075	0		3535.77142
2076	0		2225.12147
2077	0		3826.01508
2078	0		3714.88869
2079	0		1954.873
2080	0		1088.56477
2081	0		3261.48444
2082	0		1722.88277
2083	0		2353.2025
2084	0		1989.99814
2085	0		2900.44173
2086	0		3165.62458
2087	0		2129.11963
2088	1	MinusH2O:1	3161.61574
2089	0		2488.34235
2090	0		1207.64479
2091	0		2171.24655
2092	0		1451.89624
2093	0		2822.5792
2094	0		2239.1735
2095	0		1076.51379
2096	0		2224.1197
2097	0		1749.89367
2098	0		1404.68844
2099	0		1883.99516
2100	0		3047.56362
2101	1	Plus1Oxy:27	3063.55854
2102	0		1233.63529
2103	0		1048.6168
2104	0		1494.67385
2105	0		2753.29653
2106	0		1276.63324
2107	0		1381.85438
2108	0		1138.73249
2109	0		1984.96286
2110	0		1528.83476
2111	0		1805.94571
2112	0		1649.84461
2113	0		1997.01181
2114	0		1308.67471
2115	0		2364.09024
2116	0		2497.16565
2117	0		1307.72708
2118	0		2559.40595
2119	0		2852.52976
2120	0		2456.27322
2121	0		2328.17827
2122	0		1029.62222
2123	0		2020.01254
2124	0		2424.24364
2125	0		2275.2575
2126	0		1664.76161
2127	0		1427.6979
2128	0		1485.79727
2129	0		1213.70297
2130	0		2378.10992
2131	0		2449.35794
2132	0		1288.6411
2133	0		2064.09645
2134	0		2378.19775
2135	0		2222.09665
2136	0		2254.17451
2137	0		1905.91414
2138	0		2467.24945
2139	0		1496.83504
2140	0		1340.74517
2141	1	NH3_Loss:1	2158.03723
2142	0		2175.06378
2143	1	Plus1Oxy:2	2191.0587
2144	0		1197.70806
2145	0		2822.35571
2146	1	NH3_Loss:1	2805.32916
2147	0		2156.08946
2148	0		2256.15377
2149	0		2758.44278
2150	0		999.57864
2151	0		2154.25976
2152	0		3973.17738
2153	0		3158.59652
2154	0		2098.02263
2155	0		1407.70336
2156	0		1045.55559
2157	0		1232.67643
2158	0		1346.69036
2159	0		2761.35978
2160	0		1610.91771
2161	0		2145.05235
2162	0		1135.56952
2163	0		2017.01153
2164	0		2851.44246
2165	0		2122.14954
2166	0		1975.02612
2167	0		2129.17311
2168	0		1751.01267
2169	1	Plus1Oxy:15	1767.00758
2170	0		1481.82751
2171	0		1822.90601
2172	0		1494.73876
2173	0		1540.85339
2174	0		1485.78604
2175	0		1889.00797
2176	0		1152.55969
2177	0		1928.92272
2178	0		1399.70951
2179	0		1105.57672
2180	0		1627.82924
2181	0		1284.64235
2182	0		1569.78604
2183	0		1674.82863
2184	0		986.56476
2185	0		873.4807
2186	0		1651.81264
2187	0		2601.39339
2188	0		1112.59779
2189	0		2196.17892
2190	0		2352.28003
2191	0		2843.37967
2192	0		2687.27857
2193	0		2136.00236
2194	0		2782.43625
2195	0		1476.68778
2196	0		3559.94008
2197	0		3275.75525
2198	0		2176.17517
2199	0		3443.8914
2200	0		2363.15134
2201	0		3441.81421
2202	0		1371.69684
2203	0		3096.60515
2204	1	Plus1Oxy:3	3112.60007
2205	0		2766.43394
2206	0		2232.05604
2207	0		1625.88886
2208	0		1857.98354
2209	0		3725.91101
2210	0		1644.90859
2211	0		1219.65602
2212	0		968.60181
2213	0		1287.66698
2214	0		1506.77514
2215	0		2881.48603
2216	0		1935.93593
2217	0		3237.46332
2218	0		1358.62009
2219	0		1373.74014
2220	0		2509.32829
2221	0		1701.96644
2222	0		2635.35392
2223	0		3344.68869
2224	0		2480.26333
2225	0		1175.59745
2226	0		1436.75104
2227	0		1315.71691
2228	0		1991.07605
2229	0		2729.40568
2230	0		1678.93653
2231	0		1474.7303
2232	0		996.56034
2233	0		2068.99992
2234	0		1099.60254
2235	0		1724.87663
2236	0		1843.93621
2237	0		2417.30255
2238	0		1897.1611
2239	0		1471.86092
2240	0		1938.04211
2241	0		2005.07057
2242	0		1884.01042
2243	0		2399.29804
2244	0		3727.04593
2245	0		3613.96793
2246	1	Plus1Oxy:4	3629.96285
2247	0		1477.72344
2248	0		1224.70772
2249	0		2569.21261
2250	0		2766.49885
2251	0		1334.60233
2252	0		2920.5003
2253	0		1391.75944
2254	0		1772.85551
2255	0		1238.56008
2256	0		1484.80202
2257	0		2969.52791
2258	0		1927.22733
2259	0		2051.01835
2260	0		3264.64452
2261	0		2892.62827
2262	0		2301.12696
2263	0		2250.23577
2264	0		3440.5804
2265	0		2116.02243
2266	0		1101.54542
2267	0		1204.6339
2268	0		1498.79905
2269	0		1704.82796
2270	0		3180.59123
2271	0		3024.49013
2272	0		1031.60148
2273	0		1971.99094
2274	0		1052.63417
2275	0		843.48877
2276	0		2582.43922
2277	0		2045.01721
2278	0		1544.72588
2279	0		1159.65602
2280	0		2481.32664
2281	0		2282.16942
2282	0		1948.01656
2283	0		3572.77606
2284	0		1921.0672
2285	0		1100.44526
2286	0		1086.48038
2287	0		2801.38705
2288	0		2345.22257
2289	0		1603.85689
2290	0		1834.96755
2291	0		1131.62875
2292	0		2295.21432
2293	0		1035.54225
2294	0		1837.10359
2295	0		2572.36818
2296	0		3824.95579
2297	0		2478.18546
2298	0		1210.65569
2299	0		3580.79691
2300	0		2643.34644
2301	0		1723.98314
2302	0		2385.22622
2303	0		1929.9968
2304	0		2263.21709
2305	0		1554.82276
2306	0		3823.12457
2307	0		3292.57875
2308	0		1383.79726
2309	0		1660.80156
2310	0		2884.44529
2311	0		2669.30439
2312	1	MinusH2O:1	2592.33938
2313	0		4116.96092
2314	0		1554.85041
2315	0		1659.82896
2316	0		3995.89663
2317	0		1798.90688
2318	0		1150.62333
2319	0		2462.12452
2320	0		2443.30313
2321	0		1527.79323
2322	0		3317.53312
2323	0		2392.08918
2324	0		2058.93494
2325	0		1434.75065
2326	0		1340.74854
2327	0		2099.0534
2328	0		1602.8001
2329	0		1273.66006
2330	0		2219.18368
2331	0		1035.53486
2332	0		2564.45362
2333	0		1832.93665
2334	0		1740.96208
2335	0		2523.32194
2336	0		1000.55526
2337	0		1662.78235
2338	0		1039.56616
2339	0		1200.67134
2340	0		2908.47178
2341	0		3821.90296
2342	0		2319.24331
2343	0		1531.86092
2344	0		1837.03082
2345	0		1298.66586
2346	0		853.5095
2347	0		952.57791
2348	0		3843.91062
2349	0		1770.90074
2350	0		2897.42344
2351	0		2425.26991
2352	0		1188.67134
2353	0		3342.72671
2354	0		1960.0013
2355	0		1994.07637
2356	0		2182.05815
2357	0		1945.00433
2358	0		2487.30082
2359	0		3520.87167
2360	0		4295.22242
2361	0		2080.04443
2362	0		2133.15027
2363	0		2314.14149
2364	0		3250.54257
2365	0		3629.65937
2366	0		1397.80301
2367	0		1573.77693
2368	0		2477.16709
2369	0		1119.62875
2370	0		1448.70813
2371	0		1394.66184
2372	0		1697.86639
2373	0		1245.69683
2374	0		1458.81939
2375	0		1260.60194
2376	1	MinusH2O:1	2548.23003
2377	0		1693.73652
2378	0		1249.65536
2379	0		1705.87735
2380	0		2397.23611
2381	0		2621.30189
2382	0		1828.99337
2383	0		1565.7871
2384	0		1593.83232
2385	0		1796.84025
2386	0		2672.39477
2387	0		2059.1061
2388	0		2759.45059
2389	0		2057.99786
2390	0		1523.72555
2391	0		2275.1261
2392	1	Plus1Oxy:20	2291.12102
2393	0		3258.58654
2394	0		1358.70812
2395	0		4282.03152
2396	0		2474.34916
2397	0		2318.24806
2398	0		1179.60697
2399	0		1868.06312
2400	0		1573.8351
2401	0		795.34389
2402	0		2749.30814
2403	0		1504.70938
2404	0		1381.80024
2405	0		2551.32809
2406	0		1439.74081
2407	0		1975.0196
2408	0		2383.16948
2409	0		2151.15746
2410	0		1995.05636
2411	0		1191.6975
2412	0		3129.65963
2413	0		3649.68762
2414	0		1603.95952
2415	0		1475.86456
2416	0		1339.7023
2417	0		1413.67754
2418	0		2437.19062
2419	0		2593.29172
2420	0		2734.43288
2421	0		1018.56985
2422	0		2236.1197
2423	0		2521.2964
2424	0		2025.00539
2425	0		2529.25724
2426	0		2363.14011
2427	0		1896.9329
2428	0		1853.92056
2429	0		1207.65602
2430	0		3511.70355
2431	0		2981.51418
2432	0		1388.71215
2433	0		1887.02871
2434	0		1090.58445
2435	0		1663.86026
2436	0		1321.68771
2437	0		1582.8242
2438	0		2283.1858
2439	0		3225.71398
2440	0		2309.07116
2441	0		2148.91988
2442	0		1675.84163
2443	0		2024.96248
2444	0		3679.82893
2445	0		1180.57975
2446	0		1635.85948
2447	0		1210.69208
2448	0		967.55895
2449	0		1271.71248
2450	0		2385.36302
2451	0		1780.9543
2452	0		2325.21162
2453	0		3425.81746
2454	0		1117.63826
2455	0		2223.06541
2456	0		1089.53419
2457	0		1348.66962
2458	0		3600.93361
2459	0		1404.72482
2460	0		1905.0579
2461	0		2552.3532
2462	0		2309.2313
2463	0		1526.83034
2464	0		1294.77205
2465	0		2413.2344
2466	0		1141.67061
2467	0		918.46981
2468	0		1635.83682
2469	0		1546.78781
2470	0		2434.12895
2471	0		1424.70476
2472	0		1318.69208
2473	0		1718.83621
2474	0		4275.25506
2475	0		2764.43222
2476	0		1679.7824
2477	0		3576.7676
2478	0		1921.0771
2479	0		2810.47944
2480	0		2327.22006
2481	0		1516.73771
2482	0		2472.34877
2483	0		995.57633
2484	0		1283.63568
2485	0		1705.92497
2486	0		1904.9764
2487	0		1780.95449
2488	0		1544.78677
2489	0		1058.57936
2490	0		2765.38053
2491	0		1868.05189
2492	0		2227.09421
2493	0		1756.92463
2494	0		1162.65972
2495	0		2719.42199
2496	0		1248.62057
2497	0		2767.47231
2498	0		1765.96135
2499	0		2085.99661
2500	0		2919.46081
2501	0		1561.79871
2502	0		3314.70864
2503	0		2355.31608
2504	0		1614.76372
2505	0		3866.93247
2506	0		1874.97772
2507	0		1769.83272
2508	0		1783.95013
2509	0		1912.01273
2510	0		1418.6897
2511	0		2967.4774
2512	0		1706.84878
2513	0		1584.83582
2514	0		2657.32321
2515	1	Plus1Oxy:7	2673.31812
2516	0		1067.59745
2517	0		1467.85611
2518	0		833.47589
2519	0		2071.11599
2520	0		1829.93698
2521	0		872.51194
2522	0		801.47483
2523	0		2721.46347
2524	0		1760.96064
2525	0		1119.6036
2526	0		1530.72484
2527	0		3444.6982
2528	0		1903.94947
2529	0		1137.63932
2530	0		1055.59745
2531	0		1347.71862
2532	0		2706.3652
2533	0		2070.10951
2534	0		1262.75976
2535	0		1564.76333
2536	0		2031.09006
2537	0		1339.78228
2538	0		921.4807
2539	0		1077.5818
2540	0		1797.99477
2541	0		1298.71935
2542	0		1556.81575
2543	0		902.52251
2544	0		774.42755
2545	0		1013.58689
2546	0		1482.74662
2547	0		1196.68766
2548	0		1746.83583
2549	0		1376.64275
2550	0		2920.53198
2551	0		1407.70336
2552	0		1317.73255
2553	0		702.37341
2554	0		2678.41657
2555	0		1794.95488
2556	0		1135.66408
2557	0		1322.70812
2558	0		1056.58147
2559	0		1160.68045
2560	0		2464.25585
2561	0		2309.26298
2562	0		2551.23756
2563	0		1706.7787
2564	0		1796.85888
2565	0		1166.66989
2566	0		675.43191
2567	0		2024.01014
2568	0		1424.80605
2569	0		1017.54945
2570	0		1230.67201
2571	0		907.54905
2572	0		1526.8555
2573	0		1725.98756
2574	0		1404.77984
2575	0		1218.6794
2576	0		991.5338
2577	0		1465.7387
2578	0		3738.84691
2579	0		1792.93586
2580	0		4117.05768
2581	0		2536.25565
2582	0		2482.32776
2583	0		2576.26517
2584	0		2290.19161
2585	0		2924.34584
2586	0		1407.65509
2587	0		996.5855
2588	0		1291.69578
2589	0		1163.60082
2590	0		2487.34441
2591	0		2359.24945
2592	0		2053.1683
2593	0		2549.29718
2594	0		1794.85696
2595	0		983.60148
2596	0		1017.52766
2597	0		2890.31587
2598	0		3984.07182
2599	0		2018.0544
2600	0		1469.82011
2601	0		1761.84539
2602	0		1000.5229
2603	0		886.46606
2604	0		2186.11057
2605	0		2456.33476
2606	0		1863.95771
2607	0		1493.73611
2608	0		1665.97767
2609	0		2257.14366
2610	0		1741.9362
2611	0		2274.21061
2612	0		3288.66737
2613	0		938.59125
2614	0		1756.91071
2615	0		1173.6757
2616	0		1639.89327
2617	1	Plus1Oxy:1	2500.30933
2618	0		2484.31442
2619	0		2787.26359
2620	0		955.5239
2621	0		2145.01999
2622	0		1010.4821
2623	0		2640.24635
2624	1	NH3_Loss:1	1307.68732
2625	0		2632.28418
2626	1	Plus1Oxy:6	2648.27909
2627	0		833.43951
2628	0		2087.12616
2629	0		2139.06357
2630	0		1423.65874
2631	0		2421.24734
2632	0		1821.9121
2633	0		1583.93581
2634	0		1427.8347
2635	0		1686.9014
2636	0		4288.97126
2637	0		1583.82665
2638	0		1832.97839
2639	0		1820.96313
2640	0		1147.62367
2641	0		806.36661
2642	0		2637.35048
2643	1	Plus1Oxy:1	2653.34539
2644	0		2740.34302
2645	0		1119.59237
2646	0		3208.56839
2647	0		1091.58622
2648	0		2490.2787
2649	0		2168.19141
2650	0		1324.59751
2651	0		2339.13924
2652	0		2034.02685
2653	0		1457.75474
2654	0		3015.48914
2655	0		2189.08846
2656	0		2405.11429
2657	0		2543.37331
2658	0		3064.67686
2659	0		2936.58191
2660	0		1432.76352
2661	0		3361.71542
2662	0		1801.93957
2663	0		1336.80777
2664	1	NH3_Loss:1	1255.70701
2665	0		3274.62907
2666	0		1129.63423
2667	0		1569.87657
2668	0		1765.90971
2669	0		1596.81469
2670	0		1578.8075
2671	0		1479.73909
2672	0		3257.91135
2673	0		3757.90237
2674	0		1105.55559
2675	0		1533.81503
2676	0		4209.08455
2677	0		2351.26318
2678	0		2479.35814
2679	0		945.45555
2680	0		928.55928
2681	0		1272.72233
2682	0		3048.5555
2683	0		1169.54264
2684	0		3007.45956
2685	0		3370.70433
2686	0		2078.12717
2687	0		1717.96135
2688	0		1490.79799
2689	0		2215.18474
2690	0		1645.77356
2691	0		1801.97979
2692	0		2583.27566
2693	0		1429.79284
2694	0		3200.80589
2695	0		3072.71094
2696	0		1151.5103
2697	0		1776.95084
2698	0		2093.16188
2699	0		1643.72489
2700	0		1821.94465
2701	0		1952.06899
2702	0		963.5025
2703	0		1326.70303
2704	0		3903.93041
2705	0		2578.43288
2706	0		1047.56338
2707	0		2928.53391
2708	0		1219.57539
2709	0		2746.42165
2710	0		2474.27321
2711	0		2528.36962
2712	0		1117.64949
2713	0		2938.49311
2714	0		1660.85002
2715	0		1852.98935
2716	0		1594.91157
2717	0		867.51776
2718	0		1814.92742
2719	0		3024.62378
2720	1	Plus1Oxy:4	4550.33983
2721	1	Plus1Oxy:4	3040.61869
2722	0		4534.34491
2723	1	Plus1Oxy:24	3040.61869
2724	0		2675.13659
2725	0		1519.77692
2726	0		2238.13198
2727	0		1516.79185
2728	0		2986.48908
2729	0		2526.33687
2730	0		1570.80241
2731	0		1858.93454
2732	0		2363.2194
2733	0		1255.71354
2734	0		3225.57497
2735	0		1342.70918
2736	0		2506.37806
2737	0		1433.75137
2738	0		3152.66909
2739	1	Plus1Oxy:25	3168.664
2740	0		3279.78339
2741	0		2404.21207
2742	0		1820.90562
2743	0		4089.08639
2744	0		2030.01668
2745	0		1221.5989
2746	0		1356.69967
2747	0		1450.80307
2748	0		2498.22225
2749	0		1245.65642
2750	0		1993.97779
2751	0		1813.84031
2752	0		1562.80519
2753	0		925.53063
2754	0		1545.82242
2755	0		1274.69438
2756	0		988.55928
2757	0		790.38945
2758	0		904.46876
2759	0		1060.56986
2760	0		1662.8001
2761	0		1868.90853
2762	0		1198.58695
2763	0		1020.59673
2764	0		1124.56477
2765	0		1375.74992
2766	0		1719.00421
2767	0		3217.68777
2768	0		1012.59904
2769	0		1145.61925
2770	0		1985.00645
2771	0		2074.09051
2772	0		1452.82995
2773	0		1494.77177
2774	0		1622.86673
2775	0		2025.99027
2776	0		3788.80305
2777	0		1190.64811
2778	0		1089.64334
2779	0		1970.03193
2780	0		3301.67298
2781	0		2086.1673
2782	0		1796.99952
2783	0		2686.2406
2784	0		913.53849
2785	0		1540.88238
2786	0		985.53447
2787	0		1631.75388
2788	0		2871.41877
2789	0		2485.22001
2790	0		1886.03596
2791	0		1302.72166
2792	0		1967.94841
2793	0		2083.07711
2794	0		2028.00592
2795	0		2632.41109
2796	0		1831.92161
2797	0		1204.64513
2798	0		2325.14222
2799	0		2357.27421
2800	0		2820.57076
2801	0		2392.2134
2802	0		1544.74049
2803	0		557.24854
2804	0		1269.6928
2805	0		1028.51379
2806	0		2039.10101
2807	0		1510.9082
2808	0		1119.62875
2809	0		1700.86924
2810	0		1089.54879
2811	0		1897.00903
2812	0		4074.05839
2813	0		1247.63318
2814	0		1413.81905
2815	0		1038.58616
2816	0		1279.76518
2817	0		1280.70226
2818	1	NH3_Loss:1	1718.84494
2819	0		1735.87149
2820	0		3586.75379
2821	0		1072.55863
2822	0		1243.66592
2823	0		3540.8615
2824	0		2430.45342
2825	0		2449.25215
2826	0		1862.99885
2827	0		2474.28379
2828	0		1728.90456
2829	1	NH3_Loss:1	888.36132
2830	0		1733.96029
2831	0		4702.38763
2832	0		1027.60254
2833	0		2518.3695
2834	0		2125.15707
2835	0		2510.25393
2836	0		1451.75607
2837	0		1784.92491
2838	0		2691.39406
2839	0		2563.2991
2840	0		887.48646
2841	0		1928.06178
2842	0		3582.83567
2843	0		1898.01483
2844	0		3655.94595
2845	0		1607.80419
2846	0		2976.43982
2847	0		1238.59309
2848	0		2237.28161
2849	0		1237.56483
2850	0		1890.92233
2851	0		1883.92642
2852	0		2047.01623
2853	0		2867.3572
2854	0		2494.21273
2855	0		2889.50956
2856	0		2919.42891
2857	0		2161.21795
2858	0		2075.09315
2859	0		1244.66117
2860	0		988.55928
2861	0		1096.68554
2862	0		1224.78049
2863	0		1854.98387
2864	0		1468.75612
2865	0		3253.68171
2866	0		2181.17926
2867	0		861.47081
2868	0		2468.21821
2869	0		1834.97226
2870	0		3179.629
2871	0		1475.79832
2872	0		2041.01893
2873	0		2332.25718
2874	0		1771.88859
2875	0		1155.60697
2876	0		3195.66214
2877	0		1502.82045
2878	0		1654.88891
2879	0		969.58583
2880	0		1110.55968
2881	0		2584.28081
2882	0		1705.89981
2883	0		2255.05473
2884	0		3579.92204
2885	0		2346.20792
2886	0		2354.16876
2887	0		1150.52944
2888	0		2538.27533
2889	0		2060.00745
2890	0		2828.46286
2891	0		1822.05631
2892	0		1509.83029
2893	0		1428.72482
2894	0		3253.63276
2895	0		1621.87148
2896	0		3660.79326
2897	0		3119.622
2898	0		1300.75025
2899	0		1883.98143
2900	0		2176.07208
2901	0		1923.977
2902	0		777.40207
2903	0		2013.96175
2904	0		2470.23789
2905	0		1182.62439
2906	0		4205.05596
2907	0		2338.27561
2908	0		2894.59764
2909	0		1235.67609
2910	0		1808.79647
2911	0		1248.67134
2912	0		1026.50216
2913	0		2568.17358
2914	0		2438.19392
2915	0		1459.76702
2916	0		2359.18071
2917	0		3594.93091
2918	0		1007.50758
2919	0		3256.59401
2920	0		2168.1265
2921	0		1864.90535
2922	0		2780.38019
2923	0		2100.95019
2924	0		2460.21802
2925	0		1183.67465
2926	0		2410.26775
2927	0		2586.31758
2928	0		2317.13243
2929	0		1184.53491
2930	0		1419.72449
2931	0		2052.18295
2932	0		2468.28128
2933	0		1672.90687
2934	0		2017.08967
2935	0		2777.45982
2936	0		2933.56092
2937	0		2805.4435
2938	0		1664.83688
2939	0		1445.77652
2940	0		2445.26847
2941	0		2681.38792
2942	0		1956.96479
2943	0		1128.63898
2944	0		2312.14226
2945	0		871.50144
2946	0		3411.7594
2947	0		1888.01273
2948	0		4558.16818
2949	0		1324.70984
2950	0		1804.83008
2951	0		1296.67134
2952	0		983.50758
2953	0		3502.77982
2954	0		2786.351
2955	0		1237.77574
2956	0		1038.64368
2957	0		1081.67464
2958	0		882.54258
2959	0		931.51267
2960	0		2870.41188
2961	0		2504.41137
2962	0		2983.73334
2963	0		2004.0567
2964	0		1641.8878
2965	0		1941.95389
2966	0		3361.71273
2967	0		3012.6494
2968	0		1671.90423
2969	0		3059.60251
2970	0		1356.74345
2971	0		1624.79971
2972	0		3268.75281
2973	0		3149.65819
2974	0		1811.99919
2975	0		1554.86164
2976	0		812.51194
2977	0		1461.72853
2978	0		2715.46077
2979	0		1745.0814
2980	0		1327.62954
2981	0		1401.77277
2982	0		1879.90635
2983	0		3738.93141
2984	0		2476.35358
2985	0		2309.26298
2986	0		1553.82348
2987	0		1605.85141
2988	0		1658.81846
2989	0		2454.29059
2990	0		2205.11388
2991	0		1126.6961
2992	0		1198.63793
2993	0		2902.51489
2994	0		1572.79694
2995	0		2980.39136
2996	0		2431.13668
2997	1	Plus1Oxy:19	2996.38627
2998	0		1213.65536
2999	1	Plus1Oxy:11	2077.06992
3000	0		1655.85583
3001	0		2097.03372
3002	0		2638.21142
3003	0		3481.83562
3004	0		1942.07091
3005	0		2906.47092
3006	0		2654.51449
3007	0		2784.40812
3008	1	NH3_Loss:1	3292.68322
3009	0		2160.04864
3010	0		2533.35794
3011	0		3167.62497
3012	0		2333.18619
3013	0		1776.91446
3014	0		2170.10174
3015	0		1489.7486
3016	0		2163.07031
3017	0		1899.95119
3018	0		3114.60582
3019	0		2958.50472
3020	0		2216.10675
3021	0		1461.7099
3022	0		2822.46439
3023	0		2610.41235
3024	0		2143.1564
3025	0		948.52799
3026	0		1706.94268
3027	0		939.56404
3028	0		2113.8864
3029	0		1187.57164
3030	0		3783.81941
3031	0		1688.95727
3032	0		1141.67061
3033	0		887.48983
3034	0		3614.73161
3035	0		1087.58728
3036	0		1030.56582
3037	0		1142.54298
3038	0		2725.32427
3039	0		2577.359
3040	0		2336.17998
3041	0		1376.65714
3042	0		3371.82986
3043	0		1288.71387
3044	0		2478.21246
3045	0		1785.00355
3046	0		2129.22476
3047	0		2047.14248
3048	0		3199.72798
3049	0		2327.14663
3050	0		1432.73097
3051	0		1334.67173
3052	0		3383.69575
3053	0		2056.02983
3054	0		1895.93381
3055	0		2075.87814
3056	0		3954.91836
3057	0		1535.78306
3058	0		1965.10802
3059	0		2136.19755
3060	0		2510.23348
3061	0		1291.57923
3062	0		847.48031
3063	0		1598.89909
3064	0		2064.99628
3065	0		1100.60768
3066	0		1697.85834
3067	0		2325.20759
3068	0		1351.64751
3069	0		1376.72991
3070	0		2033.97404
3071	0		1355.6833
3072	0		1315.66189
3073	0		1674.8001
3074	0		1537.89394
3075	0		2875.45771
3076	0		2248.1222
3077	0		1886.92608
3078	0		1664.80452
3079	0		2736.40225
3080	0		1122.65491
3081	0		1287.71862
3082	0		991.50864
3083	0		2546.38554
3084	0		2714.52909
3085	0		2120.0571
3086	0		2292.26292
3087	0		1743.92286
3088	0		2621.3448
3089	0		1755.95185
3090	0		2198.15819
3091	0		3273.75804
3092	0		1750.88105
3093	0		2951.52387
3094	0		1447.73064
3095	0		1694.86673
3096	0		4165.06823
3097	0		2216.13237
3098	0		1987.04475
3099	0		1065.52766
3100	0		1302.62439
3101	0		871.51267
3102	0		2601.25974
3103	0		1422.71024
3104	0		1771.9315
3105	0		1278.6819
3106	0		2622.2167
3107	0		1717.85557
3108	0		1713.91229
3109	0		1508.75441
3110	0		1840.93586
3111	0		1647.95587
3112	0		2592.39439
3113	0		1610.84494
3114	0		2660.26133
3115	0		2388.14188
3116	0		1753.86343
3117	0		1442.79932
3118	0		1031.56846
3119	0		1103.62261
3120	0		2090.20263
3121	0		1004.59058
3122	0		3485.04956
3123	0		3356.95461
3124	0		1540.75949
3125	0		2504.21234
3126	0		1624.81298
3127	0		2410.2954
3128	0		1326.75065
3129	0		1551.89836
3130	0		2218.16798
3131	0		2030.1047
3132	0		1517.82414
3133	0		2115.12108
3134	0		2472.23828
3135	0		1143.62473
3136	0		2933.61256
3137	0		2972.44107
3138	0		1732.85186
3139	0		1795.82771
3140	0		3779.88672
3141	0		2065.20335
3142	0		1331.65094
3143	0		1865.0985
3144	0		1411.72411
3145	0		2655.26715
3146	0		2041.04389
3147	0		1491.70271
3148	0		1651.92563
3149	0		1043.5797
3150	0		1413.60901
3151	0		1453.79284
3152	0		2460.2423
3153	0		1348.68738
3154	0		1407.80849
3155	0		1934.99482
3156	0		3019.5952
3157	0		2432.28511
3158	0		1010.58722
3159	0		2072.01485
3160	0		1962.97535
3161	0		1864.0015
3162	0		3906.06375
3163	0		1072.54
3164	0		1114.62333
3165	0		896.39876
3166	0		2037.02065
3167	0		1140.63898
3168	0		1055.52871
3169	0		1887.01008
3170	0		1812.99577
3171	0		1613.8637
3172	0		1585.9191
3173	0		2039.07268
3174	0		1763.90932
3175	0		2527.25935
3176	0		1616.82381
3177	0		2797.53768
3178	0		1087.56616
3179	0		1860.96928
3180	0		1918.006
3181	0		3276.63348
3182	0		1322.58186
3183	0		2333.15785
3184	0		2591.35939
3185	1	NH3_Loss:1	2755.35392
3186	0		1581.73103
3187	0		1640.77621
3188	0		1852.94576
3189	0		2160.32849
3190	0		1934.16037
3191	0		1758.94028
3192	0		1676.92491
3193	0		3138.62042
3194	0		1448.73328
3195	0		1630.84532
3196	0		2762.39076
3197	0		1624.81298
3198	0		1170.62439
3199	0		1119.59237
3200	0		1276.70264
3201	0		847.38105
3202	0		1271.6662
3203	0		1837.04205
3204	0		2762.42377
3205	0		3274.64299
3206	0		2251.09804
3207	0		1243.66726
3208	0		1822.94643
3209	0		3402.70942
3210	0		1366.79318
3211	0		2322.2542
3212	0		2509.27864
3213	0		2725.37775
3214	0		3014.53564
3215	0		893.52217
3216	0		2874.53121
3217	0		2245.25684
3218	0		2090.06563
3219	0		1611.87658
3220	1	Plus1Oxy:3	1627.87149
3221	0		1342.69142
3222	0		1887.93593
3223	0		1368.73606
3224	0		1430.78809
3225	0		1283.71968
3226	0		1216.60874
3227	0		1356.76121
3228	0		2801.35001
3229	0		2979.67555
3230	0		4286.11294
3231	0		1456.81363
3232	0		2001.96196
3233	0		2067.03928
3234	0		3800.92594
3235	0		2918.45164
3236	0		2110.14215
3237	0		2655.45943
3238	0		1817.94571
3239	0		2323.27461
3240	0		1104.58147
3241	0		2448.29126
3242	0		997.61713
3243	0		1407.76088
3244	0		1615.87802
3245	0		2312.1436
3246	0		1709.75995
3247	0		2221.07176
3248	0		2792.53715
3249	0		912.53922
3250	0		2099.03947
3251	0		1386.72886
3252	0		2621.35219
3253	0		1901.95626
3254	0		2223.17206
3255	0		1835.09196
3256	0		1907.92979
3257	0		1699.88139
3258	0		2496.14123
3259	0		2071.16764
3260	0		1149.65055
3261	0		2671.27329
3262	0		2715.46933
3263	0		1796.04066
3264	0		2401.26807
3265	0		1726.93653
3266	0		1973.05089
3267	0		3635.88335
3268	1	Plus1Oxy:27	2863.49997
3269	0		1271.74886
3270	0		3250.79639
3271	0		2968.59083
3272	0		1169.57163
3273	0		2736.23156
3274	0		2495.11745
3275	0		1517.83404
3276	0		2317.13713
3277	0		1609.86745
3278	0		1379.66804
3279	0		1985.09447
3280	0		1277.72304
3281	0		1860.08319
3282	0		1534.8242
3283	0		1058.57197
3284	0		1739.98208
3285	0		2092.06871
3286	0		1390.77071
3287	0		1420.64784
3288	0		1526.7762
3289	0		1361.61073
3290	0		1250.79614
3291	0		845.35954
3292	0		1811.83589
3293	0		2816.45296
3294	0		1089.5818
3295	0		3135.62927
3296	0		3336.60899
3297	0		2574.2542
3298	0		2228.29653
3299	0		1425.75752
3300	0		2366.24403
3301	0		1311.7146
3302	0		2045.14209
3303	0		1708.82421
3304	0		2605.35728
3305	0		2223.0993
3306	0		2091.04447
3307	0		917.56979
3308	0		1077.60696
3309	0		1171.63827
3310	0		1829.93045
3311	0		1013.5579
3312	0		2104.12756
3313	0		2116.02983
3314	0		1579.80275
3315	0		1975.06653
3316	0		1893.94063
3317	0		946.51571
3318	0		1557.82492
3319	0		1104.54193
3320	0		1884.0468
3321	0		1765.93957
3322	0		1192.60874
3323	0		2850.4908
3324	0		3771.77718
3325	0		2985.57446
3326	0		1091.55321
3327	0		982.58108
3328	0		1395.65596
3329	0		2215.17821
3330	0		2833.48201
3331	0		2910.41466
3332	0		1469.82751
3333	0		2088.13264
3334	0		2995.44583
3335	0		1837.9317
3336	0		1261.64883
3337	0		968.4603
3338	0		1650.84638
3339	0		2029.10159
3340	0		1413.75031
3341	0		1118.59712
3342	0		1162.59818
3343	0		2113.07038
3344	0		3367.70937
3345	0		2250.20409
3346	0		3921.05153
3347	1	Plus1Oxy:23	3937.04645
3348	0		3135.69602
3349	0		2621.45664
3350	0		4721.20203
3351	0		1084.624
3352	0		815.43884
3353	0		815.43884
3354	0		1190.62162
3355	0		1203.65325
3356	0		1113.61416
3357	0		2499.33318
3358	0		1715.89539
3359	0		2219.00915
3360	0		2726.51449
3361	0		1633.8423
3362	0		1403.71566
3363	0		2109.05637
3364	0		1493.89691
3365	0		2633.26953
3366	0		2996.48935
3367	0		1285.6302
3368	0		4548.1072
3369	0		1705.88858
3370	0		3284.81712
3371	0		2412.20323
3372	0		2687.36659
3373	0		2043.96829
3374	0		2295.13818
3375	0		3010.39385
3376	0		1013.56576
3377	0		962.54363
3378	0		1311.6207
3379	0		2437.20454
3380	0		1567.85689
3381	0		988.52627
3382	0		1637.82598
3383	0		1356.7037
3384	0		1412.78742
3385	0		1499.82347
3386	0		1950.97198
3387	0		1810.98281
3388	0		4164.09797
3389	0		710.43264
3390	0		937.596
3391	0		1200.67134
3392	0		1141.59785
3393	0		1483.78815
3394	0		3834.78721
3395	0		2843.36257
3396	0		2723.46789
3397	0		1199.63971
3398	0		2899.43909
3399	0		2459.16439
3400	0		2004.01716
3401	0		2213.05947
3402	0		2337.23274
3403	0		1885.01959
3404	0		1552.73771
3405	0		2550.24568
3406	0		3752.08746
3407	0		2068.24476
3408	0		3308.50089
3409	0		1786.90601
3410	0		1590.94564
3411	0		2180.11124
3412	0		674.40028
3413	0		2043.17272
3414	0		2036.17681
3415	0		2447.26952
3416	0		3620.97758
3417	0		1602.86164
3418	0		1171.65689
3419	0		1742.96736
3420	0		3128.6181
3421	0		1466.80922
3422	0		2501.47661
3423	0		2373.38165
3424	0		3069.65376
3425	0		3077.36289
3426	0		1479.87723
3427	0		3025.68908
3428	0		2489.31647
3429	0		1341.64518
3430	0		1461.75031
3431	0		1185.60293
3432	0		1345.6302
3433	0		1603.93369
3434	0		2785.40674
3435	0		2299.13059
3436	0		2461.26404
3437	0		2826.4762
3438	0		2181.2408
3439	0		2022.04211
3440	0		1191.61034
3441	0		1134.60327
3442	0		3451.79587
3443	0		1082.66989
3444	0		3258.66333
3445	0		2929.47078
3446	0		1840.00936
3447	0		3025.53636
3448	0		2425.28854
3449	0		1269.61753
3450	0		1301.69789
3451	0		1938.00975
3452	0		978.5134
3453	0		992.49266
3454	0		2840.40535
3455	0		1159.61244
3456	0		1809.98354
3457	0		3436.59538
3458	0		3333.77399
3459	0		891.47014
3460	0		1633.87869
3461	0		2018.07572
3462	0		1017.55282
3463	0		2892.42925
3464	0		2684.56998
3465	0		4575.31732
3466	0		1245.63866
3467	0		3443.7472
3468	0		2567.2727
3469	0		2934.4214
3470	1	Plus1Oxy:2	2327.26702
3471	0		2311.27211
3472	0		1489.77758
3473	0		3428.81897
3474	0		3059.4731
3475	0		1496.90781
3476	0		2583.25254
3477	0		3293.61441
3478	0		2858.52104
3479	0		4530.47488
3480	0		1852.94644
3481	0		912.53922
3482	0		3832.0409
3483	0		1205.62914
3484	0		1738.8413
3485	0		2194.17875
3486	0		1300.70984
3487	0		2867.41355
3488	0		996.45859
3489	0		3794.8572
3490	0		2298.18546
3491	0		2620.44345
3492	0		3420.53806
3493	0		2092.21425
3494	0		2487.36572
3495	0		3419.63804
3496	0		1219.61964
3497	0		1087.5509
3498	0		3135.51476
3499	0		1456.81497
3500	0		1583.7653
3501	0		2215.23638
3502	0		1430.70006
3503	0		1761.95118
3504	0		3615.89352
3505	0		2015.01451
3506	0		2599.29171
3507	0		1270.58629
3508	0		744.43812
3509	0		1138.61344
3510	0		1355.74483
3511	0		3306.72468
3512	0		1586.7616
3513	0		2023.02612
3514	0		1443.74695
3515	0		1188.57744
3516	0		813.47081
3517	2	NH3_Loss:1,Plus1Oxy:23	3091.57591
3518	0		1740.92569
3519	0		1557.86131
3520	0		2390.25526
3521	0		2575.4696
3522	0		2523.33318
3523	0		2221.18138
3524	0		2172.16837
3525	0		2294.17529
3526	0		1861.02296
3527	0		2148.14341
3528	0		2017.10293
3529	1	NH3_Loss:1	769.39698
3530	0		1169.65161
3531	0		4021.05431
3532	0		1426.68402
3533	0		2891.55373
3534	0		2404.22283
3535	0		1322.65397
3536	0		955.57018
3537	0		2110.23018
3538	0		1963.13528
3539	0		4125.0666
3540	0		1890.94346
3541	0		1553.84864
3542	0		3953.093
3543	0		2163.08469
3544	0		2255.14327
3545	0		1076.55017
3546	0		1588.84599
3547	0		3069.59943
3548	0		3522.74515
3549	0		1388.68363
3550	0		2050.06688
3551	0		2196.21531
3552	0		2614.30394
3553	0		2829.38936
3554	0		1432.72311
3555	0		974.55487
3556	0		792.41699
3557	0		863.4541
3558	0		3728.90212
3559	0		4110.14239
3560	0		1735.92563
3561	0		3104.59363
3562	0		4136.22679
3563	0		2662.30663
3564	0		2884.46055
3565	0		1021.5266
3566	0		2863.46894
3567	0		1364.71215
3568	0		1398.82678
3569	0		1785.9195
3570	0		4456.29659
3571	0		2655.28556
3572	0		1391.77719
3573	0		1500.79694
3574	0		2358.2616
3575	0		2911.43506
3576	0		1727.84778
3577	0		1840.90285
3578	0		3545.85166
3579	0		1752.83179
3580	0		2071.05848
3581	0		2290.17788
3582	0		2106.12545
3583	0		4684.31737
3584	0		4815.82776
3585	0		2323.19213
3586	0		1886.05861
3587	0		1888.96036
3588	0		1662.84638
3589	0		2019.09275
3590	0		3456.66584
3591	0		1552.77859
3592	0		3409.77611
3593	0		2248.27897
3594	0		3222.56878
3595	0		1574.77686
3596	0		1266.7659
3597	0		1398.73941
3598	0		2796.53457
3599	1	Plus1Oxy:10	2812.52948
3600	0		1559.79429
3601	0		1985.24741
3602	0		4248.14777
3603	0		3104.42132
3604	0		1375.64011
3605	0		2337.19233
3606	0		2644.27699
3607	0		1544.79463
3608	0		1329.71393
3609	0		2239.15172
3610	0		2630.34513
3611	0		3004.61195
3612	0		1391.65681
3613	0		1872.9138
3614	0		2622.33871
3615	0		3215.62834
3616	0		4964.65501
3617	0		2680.35945
3618	0		2406.05069
3619	0		3463.72916
3620	0		3074.58238
3621	0		3042.62894
3622	0		813.53235
3623	0		2747.44273
3624	0		1091.67022
3625	0		2024.99484
3626	0		1206.62439
3627	0		2486.27592
3628	0		1836.03557
3629	0		3077.58542
3630	0		4084.04361
3631	0		1192.58762
3632	0		939.43376
3633	0		1347.68224
3634	0		1306.68805
3635	0		1507.83576
3636	0		3318.72152
3637	0		2776.44413
3638	0		1385.66487
3639	0		1379.67207
3640	0		1787.96683
3641	0		1277.70191
3642	0		3322.71173
3643	0		1298.71935
3644	0		1838.94134
3645	0		2608.32709
3646	0		3932.03516
3647	0		2260.14619
3648	0		4091.07841
3649	0		3924.13586
3650	0		3901.95248
3651	0		2906.4521
3652	0		1678.88171
3653	0		3674.7161
3654	0		1358.79212
3655	1	Acetyl:1	1915.99239
3656	0		1212.56958
3657	0		2897.62246
3658	0		2028.02752
3659	0		2615.26549
3660	0		1396.81766
3661	0		1165.59785
3662	0		2162.08495
3663	0		1953.91414
3664	0		979.57421
3665	0		3679.76019
3666	0		2759.5155
3667	0		3120.56224
3668	0		1277.7455
3669	0		549.31622
3670	0		788.46433
3671	0		1653.98169
3672	0		1217.67676
3673	0		2775.55333
3674	0		1972.0087
3675	0		2521.3209
3676	0		2417.22257
3677	0		2392.32122
3678	0		1083.62875
3679	0		3216.53488
3680	0		2592.40225
3681	0		2066.06516
3682	0		2631.43044
3683	0		1677.77462
3684	0		1988.09414
3685	0		2560.25968
3686	0		3079.66913
3687	0		4451.3152
3688	0		3008.48782
3689	1	Plus1Oxy:16	3324.66987
3690	0		3308.67495
3691	0		1736.82565
3692	0		1545.82492
3693	0		3281.65013
3694	0		1174.55056
3695	0		4905.42964
3696	0		1068.63648
3697	0		2127.13634
3698	0		1356.72482
3699	0		3426.76291
3700	0		1554.90926
3701	0		3429.87575
3702	0		1140.71578
3703	0		2705.40634
3704	0		2003.09514
3705	0		2192.16625
3706	0		2858.5118
3707	0		2556.35866
3708	0		2898.45507
3709	0		2615.35536
3710	0		2604.36989
3711	0		3413.76785
3712	0		2976.47171
3713	0		1375.75579
3714	0		1098.6648
3715	0		1130.68112
3716	0		1378.74556
3717	0		1027.60994
3718	0		3943.99877
3719	0		1291.62551
3720	0		3467.70698
3721	0		1280.70878
3722	0		1115.61858
3723	0		2870.55405
3724	0		1313.64374
3725	0		2258.17932
3726	0		1432.75612
3727	0		921.4807
3728	0		2255.22593
3729	0		1383.75098
3730	0		2439.37761
3731	0		1105.58795
3732	0		2629.3712
3733	0		1113.66447
3734	0		1267.74992
3735	0		1429.72344
3736	0		1416.80883
3737	0		2197.1953
3738	0		1169.66553
3739	0		3501.74144
3740	0		2146.22212
3741	0		4272.19252
3742	0		2540.39477
3743	0		1678.90015
3744	0		1260.65608
3745	0		1859.95244
3746	0		1343.7482
3747	0		1044.5927
3748	0		1259.71248
3749	0		1319.82884
3750	0		1374.8598
3751	0		1230.66415
3752	0		954.58616
3753	0		4377.25776
3754	0		1125.65055
3755	0		1229.6689
3756	0		757.32824
3757	0		895.4473
3758	0		2940.58602
3759	0		885.52832
3760	0		2148.14254
3761	0		2782.46075
3762	0		1035.56001
3763	0		3407.67979
3764	0		2664.40562
3765	0		1277.65498
3766	0		1088.59779
3767	0		2387.2194
3768	0		1294.63391
3769	0		4806.51111
3770	0		1632.89736
3771	0		3662.86725
3772	0		1316.70878
3773	0		2472.39505
3774	0		2562.29983
3775	0		3261.78925
3776	0		2060.11929
3777	0		2982.51979
3778	0		1412.78742
3779	0		972.53922
3780	0		1069.62836
3781	0		2275.14432
3782	0		2399.22727
3783	0		1542.81939
3784	0		2414.29165
3785	0		4552.37523
3786	0		1009.52323
3787	0		900.53922
3788	0		2420.11732
3789	0		1183.61964
3790	0		1302.67788
3791	0		1040.65933
3792	0		976.48336
3793	0		1364.66454
3794	0		3554.68802
3795	0		2640.43078
3796	0		2883.50889
3797	0		1352.69755
3798	0		2910.37914
3799	0		4871.76804
3800	0		2058.06323
3801	0		1998.00909
3802	0		1689.86851
3803	0		2081.22073
3804	0		1386.80816
3805	0		1968.08905
3806	0		1938.07262
3807	0		2037.06424
3808	0		3450.89471
3809	0		1044.52733
3810	0		1418.69286
3811	0		3544.89616
3812	0		2271.17993
3813	0		1634.97186
3814	0		1516.78848
3815	0		1276.59348
3816	0		3574.71088
3817	0		2271.15681
3818	0		1242.6648
3819	0		3103.74661
3820	0		3009.58502
3821	0		3887.01033
3822	0		3490.91929
3823	0		3860.96569
3824	0		2675.39914
3825	0		2070.0666
3826	0		1198.67432
3827	0		988.55928
3828	0		3542.79719
3829	0		2728.43558
3830	0		1330.67029
3831	0		2802.39756
3832	1	NH3_Loss:1	2765.42477
3833	0		3806.96233
3834	0		939.57527
3835	0		3705.84791
3836	0		3299.53332
3837	0		1706.0202
3838	0		1149.54879
3839	0		1800.97331
3840	0		1435.69762
3841	0		2357.30274
3842	0		2781.46999
3843	0		857.47926
3844	0		1910.01617
3845	0		1446.66349
3846	0		1201.65623
3847	0		2432.31747
3848	0		3347.76398
3849	0		1216.51822
3850	0		1469.82414
3851	0		1320.61317
3852	0		1391.6788
3853	1	MinusH2O:1	4543.28686
3854	0		571.27139
3855	0		1433.72238
3856	0		884.56946
3857	0		1786.89612
3858	0		3625.14452
3859	0		1619.87696
3860	0		2828.52236
3861	0		3723.82836
3862	0		2033.94418
3863	0		1807.92631
3864	0		4154.18071
3865	0		3486.79295
3866	0		2979.50505
3867	0		4728.52704
3868	0		2518.26035
3869	0		3899.96669
3870	0		1008.59673
3871	0		1289.68013
3872	0		2990.62146
3873	0		1291.58728
3874	0		1419.73572
3875	0		4122.22843
3876	0		3407.76314
3877	0		1857.0359
3878	0		3284.7266
3879	0		978.47701
3880	0		1009.59198
3881	0		3860.22513
3882	0		4775.47025
3883	0		2094.9356
3884	0		3286.6955
3885	0		2659.41143
3886	0		2437.22316
3887	0		2059.04322
3888	0		3125.77118
3889	0		3770.94926
3890	1	Acetyl:1	2911.53233
3891	0		1339.74589
3892	0		1198.67815
3893	0		619.3363
3894	0		1470.75651
3895	0		2688.3102
3896	0		1314.52984
3897	0		970.55995
3898	0		1926.08002
3899	1	MinusH2O:1	1696.81681
3900	0		4538.2942
3901	0		902.50725
3902	0		3076.60793
3903	0		1073.62327
3904	0		3446.75273
3905	0		1286.76696
3906	0		3674.89291
3907	0		949.43271
3908	0		4535.30041
3909	0		2278.221
3910	0		1187.67609
3911	0		2426.29885
3912	0		1185.61416
3913	0		2172.21618
3914	0		3869.12149
3915	0		2115.06357
3916	0		1125.57057
3917	1	Acetyl:1	2549.45078
3918	0		1783.01305
3919	0		2492.41857
3920	0		1206.58801
3921	0		1361.68983
3922	0		1250.53742
3923	0		1189.49206
3924	0		1359.83767
3925	0		2136.07717
3926	0		1228.71387
3927	0		802.41844
3928	0		3229.66577
3929	0		1570.83543
3930	0		2438.26266
3931	0		1217.66553
3932	0		2730.30703
3933	1	MinusH2O:1	2721.27165
3934	0		959.51095
3935	0		1961.95495
3936	0		3413.77908
3937	0		1533.86533
3938	0		2649.43897
3939	0		967.57018
3940	0		2151.05954
3941	0		3331.62624
3942	0		4113.03106
3943	1	Acetyl:1	4210.09625
3944	0		3864.78186
3945	0		2242.11884
3946	0		886.43957
3947	0		940.5229
